# 02/18/2021, 12:46:38 
# rGO-based sensors 

# Power Law Fit data


x_fit_values	y_fit_1	y_fit_2	y_fit_3	y_fit_4
     0.000	     0.000	     0.000	     0.000	     0.000
     0.005	     4.037	     3.343	     2.468	     9.278
     0.010	     5.079	     4.251	     3.256	    10.808
     0.015	     5.808	     4.892	     3.829	    11.817
     0.020	     6.388	     5.405	     4.296	    12.590
     0.025	     6.878	     5.840	     4.697	    13.224
     0.030	     7.306	     6.221	     5.052	    13.766
     0.035	     7.688	     6.562	     5.373	    14.241
     0.040	     8.036	     6.873	     5.668	    14.666
     0.045	     8.355	     7.160	     5.941	    15.052
     0.050	     8.652	     7.426	     6.197	    15.405
     0.055	     8.929	     7.676	     6.437	    15.732
     0.060	     9.190	     7.911	     6.665	    16.036
     0.065	     9.437	     8.133	     6.882	    16.321
     0.070	     9.671	     8.345	     7.089	    16.590
     0.075	     9.895	     8.547	     7.287	    16.844
     0.080	    10.108	     8.740	     7.478	    17.085
     0.085	    10.313	     8.926	     7.661	    17.314
     0.090	    10.510	     9.104	     7.838	    17.534
     0.095	    10.700	     9.277	     8.010	    17.744
     0.100	    10.883	     9.443	     8.176	    17.945
     0.105	    11.060	     9.604	     8.337	    18.139
     0.110	    11.232	     9.760	     8.493	    18.326
     0.115	    11.398	     9.912	     8.646	    18.506
     0.120	    11.560	    10.059	     8.794	    18.680
     0.125	    11.717	    10.202	     8.939	    18.849
     0.130	    11.871	    10.342	     9.080	    19.013
     0.135	    12.020	    10.478	     9.218	    19.171
     0.140	    12.165	    10.611	     9.353	    19.325
     0.145	    12.307	    10.741	     9.485	    19.475
     0.150	    12.446	    10.868	     9.615	    19.621
     0.155	    12.582	    10.992	     9.742	    19.763
     0.160	    12.715	    11.114	     9.866	    19.902
     0.165	    12.845	    11.233	     9.988	    20.037
     0.170	    12.973	    11.350	    10.108	    20.170
     0.175	    13.098	    11.465	    10.226	    20.299
     0.180	    13.221	    11.577	    10.342	    20.425
     0.185	    13.341	    11.688	    10.456	    20.549
     0.190	    13.459	    11.796	    10.568	    20.670
     0.195	    13.576	    11.903	    10.678	    20.788
     0.200	    13.690	    12.008	    10.787	    20.904
     0.205	    13.802	    12.111	    10.894	    21.018
     0.210	    13.913	    12.213	    10.999	    21.130
     0.215	    14.022	    12.313	    11.103	    21.240
     0.220	    14.129	    12.411	    11.206	    21.348
     0.225	    14.234	    12.508	    11.307	    21.454
     0.230	    14.338	    12.604	    11.407	    21.558
     0.235	    14.440	    12.698	    11.505	    21.660
     0.240	    14.541	    12.791	    11.603	    21.761
     0.245	    14.641	    12.883	    11.699	    21.860
     0.250	    14.739	    12.973	    11.794	    21.957
     0.255	    14.836	    13.063	    11.887	    22.053
     0.260	    14.932	    13.151	    11.980	    22.148
     0.265	    15.026	    13.238	    12.072	    22.241
     0.270	    15.120	    13.324	    12.162	    22.333
     0.275	    15.212	    13.409	    12.252	    22.423
     0.280	    15.303	    13.493	    12.340	    22.512
     0.285	    15.393	    13.576	    12.428	    22.600
     0.290	    15.482	    13.658	    12.515	    22.687
     0.295	    15.569	    13.739	    12.601	    22.772
     0.300	    15.656	    13.820	    12.686	    22.857
     0.305	    15.742	    13.899	    12.770	    22.940
     0.310	    15.827	    13.978	    12.853	    23.022
     0.315	    15.911	    14.055	    12.936	    23.104
     0.320	    15.994	    14.132	    13.017	    23.184
     0.325	    16.077	    14.209	    13.098	    23.263
     0.330	    16.158	    14.284	    13.178	    23.342
     0.335	    16.239	    14.359	    13.258	    23.419
     0.340	    16.318	    14.433	    13.337	    23.496
     0.345	    16.398	    14.506	    13.415	    23.571
     0.350	    16.476	    14.578	    13.492	    23.646
     0.355	    16.553	    14.650	    13.569	    23.720
     0.360	    16.630	    14.721	    13.645	    23.793
     0.365	    16.706	    14.792	    13.720	    23.865
     0.370	    16.782	    14.862	    13.795	    23.937
     0.375	    16.856	    14.931	    13.870	    24.008
     0.380	    16.930	    15.000	    13.943	    24.078
     0.385	    17.004	    15.068	    14.016	    24.148
     0.390	    17.077	    15.136	    14.089	    24.216
     0.395	    17.149	    15.203	    14.161	    24.284
     0.400	    17.220	    15.269	    14.232	    24.352
     0.405	    17.291	    15.335	    14.303	    24.418
     0.410	    17.362	    15.400	    14.373	    24.484
     0.415	    17.432	    15.465	    14.443	    24.550
     0.420	    17.501	    15.529	    14.513	    24.615
     0.425	    17.569	    15.593	    14.581	    24.679
     0.430	    17.638	    15.657	    14.650	    24.743
     0.435	    17.705	    15.719	    14.718	    24.806
     0.440	    17.772	    15.782	    14.785	    24.868
     0.445	    17.839	    15.844	    14.852	    24.930
     0.450	    17.905	    15.905	    14.919	    24.991
     0.455	    17.971	    15.966	    14.985	    25.052
     0.460	    18.036	    16.027	    15.050	    25.113
     0.465	    18.100	    16.087	    15.115	    25.173
     0.470	    18.165	    16.147	    15.180	    25.232
     0.475	    18.228	    16.206	    15.245	    25.291
     0.480	    18.292	    16.265	    15.309	    25.349
     0.485	    18.354	    16.324	    15.372	    25.407
     0.490	    18.417	    16.382	    15.435	    25.465
     0.495	    18.479	    16.440	    15.498	    25.522
     0.500	    18.540	    16.497	    15.560	    25.578
     0.505	    18.602	    16.554	    15.622	    25.634
     0.510	    18.662	    16.611	    15.684	    25.690
     0.515	    18.723	    16.667	    15.745	    25.745
     0.520	    18.783	    16.723	    15.806	    25.800
     0.525	    18.842	    16.778	    15.867	    25.854
     0.530	    18.902	    16.833	    15.927	    25.908
     0.535	    18.960	    16.888	    15.987	    25.962
     0.540	    19.019	    16.943	    16.047	    26.015
     0.545	    19.077	    16.997	    16.106	    26.068
     0.550	    19.135	    17.051	    16.165	    26.121
     0.555	    19.192	    17.105	    16.224	    26.173
     0.560	    19.249	    17.158	    16.282	    26.224
     0.565	    19.306	    17.211	    16.340	    26.276
     0.570	    19.362	    17.263	    16.397	    26.327
     0.575	    19.418	    17.316	    16.455	    26.378
     0.580	    19.474	    17.368	    16.512	    26.428
     0.585	    19.530	    17.420	    16.569	    26.478
     0.590	    19.585	    17.471	    16.625	    26.528
     0.595	    19.639	    17.522	    16.681	    26.577
     0.600	    19.694	    17.573	    16.737	    26.626
     0.605	    19.748	    17.624	    16.793	    26.675
     0.610	    19.802	    17.674	    16.848	    26.723
     0.615	    19.855	    17.724	    16.903	    26.771
     0.620	    19.909	    17.774	    16.958	    26.819
     0.625	    19.962	    17.824	    17.013	    26.866
     0.630	    20.014	    17.873	    17.067	    26.913
     0.635	    20.067	    17.922	    17.121	    26.960
     0.640	    20.119	    17.971	    17.175	    27.007
     0.645	    20.171	    18.019	    17.228	    27.053
     0.650	    20.223	    18.068	    17.282	    27.099
     0.655	    20.274	    18.116	    17.335	    27.145
     0.660	    20.325	    18.163	    17.387	    27.191
     0.665	    20.376	    18.211	    17.440	    27.236
     0.670	    20.427	    18.258	    17.492	    27.281
     0.675	    20.477	    18.305	    17.544	    27.325
     0.680	    20.527	    18.352	    17.596	    27.370
     0.685	    20.577	    18.399	    17.648	    27.414
     0.690	    20.626	    18.445	    17.699	    27.458
     0.695	    20.676	    18.492	    17.750	    27.502
     0.700	    20.725	    18.538	    17.801	    27.545
     0.705	    20.774	    18.583	    17.852	    27.588
     0.710	    20.822	    18.629	    17.903	    27.631
     0.715	    20.871	    18.674	    17.953	    27.674
     0.720	    20.919	    18.720	    18.003	    27.717
     0.725	    20.967	    18.765	    18.053	    27.759
     0.730	    21.015	    18.809	    18.103	    27.801
     0.735	    21.062	    18.854	    18.152	    27.843
     0.740	    21.110	    18.898	    18.201	    27.884
     0.745	    21.157	    18.942	    18.250	    27.926
     0.750	    21.204	    18.986	    18.299	    27.967
     0.755	    21.250	    19.030	    18.348	    28.008
     0.760	    21.297	    19.074	    18.396	    28.049
     0.765	    21.343	    19.117	    18.445	    28.089
     0.770	    21.389	    19.160	    18.493	    28.129
     0.775	    21.435	    19.203	    18.541	    28.170
     0.780	    21.481	    19.246	    18.589	    28.209
     0.785	    21.526	    19.289	    18.636	    28.249
     0.790	    21.571	    19.331	    18.684	    28.289
     0.795	    21.617	    19.374	    18.731	    28.328
     0.800	    21.661	    19.416	    18.778	    28.367
     0.805	    21.706	    19.458	    18.825	    28.406
     0.810	    21.751	    19.500	    18.871	    28.445
     0.815	    21.795	    19.541	    18.918	    28.483
     0.820	    21.839	    19.583	    18.964	    28.522
     0.825	    21.883	    19.624	    19.010	    28.560
     0.830	    21.927	    19.665	    19.056	    28.598
     0.835	    21.971	    19.706	    19.102	    28.636
     0.840	    22.014	    19.747	    19.148	    28.674
     0.845	    22.057	    19.788	    19.193	    28.711
     0.850	    22.100	    19.828	    19.238	    28.748
     0.855	    22.143	    19.869	    19.284	    28.786
     0.860	    22.186	    19.909	    19.329	    28.823
     0.865	    22.229	    19.949	    19.374	    28.859
     0.870	    22.271	    19.989	    19.418	    28.896
     0.875	    22.314	    20.028	    19.463	    28.933
     0.880	    22.356	    20.068	    19.507	    28.969
     0.885	    22.398	    20.108	    19.551	    29.005
     0.890	    22.439	    20.147	    19.596	    29.041
     0.895	    22.481	    20.186	    19.639	    29.077
     0.900	    22.523	    20.225	    19.683	    29.113
     0.905	    22.564	    20.264	    19.727	    29.148
     0.910	    22.605	    20.303	    19.770	    29.183
     0.915	    22.646	    20.341	    19.814	    29.219
     0.920	    22.687	    20.380	    19.857	    29.254
     0.925	    22.728	    20.418	    19.900	    29.289
     0.930	    22.768	    20.456	    19.943	    29.324
     0.935	    22.809	    20.494	    19.986	    29.358
     0.940	    22.849	    20.532	    20.029	    29.393
     0.945	    22.889	    20.570	    20.071	    29.427
     0.950	    22.929	    20.608	    20.113	    29.461
     0.955	    22.969	    20.645	    20.156	    29.495
     0.960	    23.009	    20.683	    20.198	    29.529
     0.965	    23.049	    20.720	    20.240	    29.563
     0.970	    23.088	    20.757	    20.282	    29.597
     0.975	    23.127	    20.794	    20.323	    29.630
     0.980	    23.167	    20.831	    20.365	    29.664
     0.985	    23.206	    20.868	    20.407	    29.697
     0.990	    23.245	    20.904	    20.448	    29.730
     0.995	    23.283	    20.941	    20.489	    29.763
     1.000	    23.322	    20.977	    20.530	    29.796
     1.005	    23.360	    21.014	    20.571	    29.829
     1.010	    23.399	    21.050	    20.612	    29.861
     1.015	    23.437	    21.086	    20.653	    29.894
     1.020	    23.475	    21.122	    20.693	    29.926
     1.025	    23.513	    21.158	    20.734	    29.958
     1.030	    23.551	    21.193	    20.774	    29.990
     1.035	    23.589	    21.229	    20.815	    30.022
     1.040	    23.627	    21.264	    20.855	    30.054
     1.045	    23.664	    21.300	    20.895	    30.086
     1.050	    23.702	    21.335	    20.935	    30.118
     1.055	    23.739	    21.370	    20.974	    30.149
     1.060	    23.776	    21.405	    21.014	    30.181
     1.065	    23.813	    21.440	    21.054	    30.212
     1.070	    23.850	    21.475	    21.093	    30.243
     1.075	    23.887	    21.510	    21.133	    30.274
     1.080	    23.924	    21.544	    21.172	    30.305
     1.085	    23.960	    21.579	    21.211	    30.336
     1.090	    23.997	    21.613	    21.250	    30.367
     1.095	    24.033	    21.648	    21.289	    30.397
     1.100	    24.069	    21.682	    21.328	    30.428
     1.105	    24.106	    21.716	    21.366	    30.458
     1.110	    24.142	    21.750	    21.405	    30.489
     1.115	    24.178	    21.784	    21.444	    30.519
     1.120	    24.213	    21.818	    21.482	    30.549
     1.125	    24.249	    21.852	    21.520	    30.579
     1.130	    24.285	    21.885	    21.558	    30.609
     1.135	    24.320	    21.919	    21.597	    30.638
     1.140	    24.356	    21.952	    21.635	    30.668
     1.145	    24.391	    21.985	    21.672	    30.698
     1.150	    24.426	    22.019	    21.710	    30.727
     1.155	    24.461	    22.052	    21.748	    30.757
     1.160	    24.496	    22.085	    21.786	    30.786
     1.165	    24.531	    22.118	    21.823	    30.815
     1.170	    24.566	    22.151	    21.860	    30.844
     1.175	    24.601	    22.183	    21.898	    30.873
     1.180	    24.635	    22.216	    21.935	    30.902
     1.185	    24.670	    22.249	    21.972	    30.931
     1.190	    24.704	    22.281	    22.009	    30.959
     1.195	    24.739	    22.314	    22.046	    30.988
     1.200	    24.773	    22.346	    22.083	    31.017
     1.205	    24.807	    22.378	    22.120	    31.045
     1.210	    24.841	    22.410	    22.156	    31.073
     1.215	    24.875	    22.442	    22.193	    31.101
     1.220	    24.909	    22.474	    22.229	    31.130
     1.225	    24.942	    22.506	    22.266	    31.158
     1.230	    24.976	    22.538	    22.302	    31.186
     1.235	    25.010	    22.570	    22.338	    31.213
     1.240	    25.043	    22.601	    22.374	    31.241
     1.245	    25.077	    22.633	    22.410	    31.269
     1.250	    25.110	    22.664	    22.446	    31.297
     1.255	    25.143	    22.696	    22.482	    31.324
     1.260	    25.176	    22.727	    22.518	    31.352
     1.265	    25.209	    22.758	    22.554	    31.379
     1.270	    25.242	    22.789	    22.589	    31.406
     1.275	    25.275	    22.820	    22.625	    31.433
     1.280	    25.308	    22.851	    22.660	    31.460
     1.285	    25.340	    22.882	    22.696	    31.487
     1.290	    25.373	    22.913	    22.731	    31.514
     1.295	    25.405	    22.944	    22.766	    31.541
     1.300	    25.438	    22.975	    22.801	    31.568
     1.305	    25.470	    23.005	    22.836	    31.595
     1.310	    25.503	    23.036	    22.871	    31.621
     1.315	    25.535	    23.066	    22.906	    31.648
     1.320	    25.567	    23.096	    22.941	    31.674
     1.325	    25.599	    23.127	    22.975	    31.701
     1.330	    25.631	    23.157	    23.010	    31.727
     1.335	    25.663	    23.187	    23.045	    31.753
     1.340	    25.694	    23.217	    23.079	    31.779
     1.345	    25.726	    23.247	    23.113	    31.805
     1.350	    25.758	    23.277	    23.148	    31.831
     1.355	    25.789	    23.307	    23.182	    31.857
     1.360	    25.821	    23.337	    23.216	    31.883
     1.365	    25.852	    23.366	    23.250	    31.909
     1.370	    25.883	    23.396	    23.284	    31.935
     1.375	    25.915	    23.426	    23.318	    31.960
     1.380	    25.946	    23.455	    23.352	    31.986
     1.385	    25.977	    23.485	    23.386	    32.011
     1.390	    26.008	    23.514	    23.420	    32.037
     1.395	    26.039	    23.543	    23.453	    32.062
     1.400	    26.070	    23.572	    23.487	    32.087
     1.405	    26.100	    23.602	    23.520	    32.113
     1.410	    26.131	    23.631	    23.554	    32.138
     1.415	    26.162	    23.660	    23.587	    32.163
     1.420	    26.192	    23.689	    23.620	    32.188
     1.425	    26.223	    23.717	    23.654	    32.213
     1.430	    26.253	    23.746	    23.687	    32.238
     1.435	    26.284	    23.775	    23.720	    32.262
     1.440	    26.314	    23.804	    23.753	    32.287
     1.445	    26.344	    23.832	    23.786	    32.312
     1.450	    26.374	    23.861	    23.819	    32.336
     1.455	    26.404	    23.889	    23.852	    32.361
     1.460	    26.434	    23.918	    23.884	    32.385
     1.465	    26.464	    23.946	    23.917	    32.410
     1.470	    26.494	    23.974	    23.950	    32.434
     1.475	    26.524	    24.003	    23.982	    32.458
     1.480	    26.554	    24.031	    24.015	    32.482
     1.485	    26.583	    24.059	    24.047	    32.507
     1.490	    26.613	    24.087	    24.079	    32.531
     1.495	    26.642	    24.115	    24.112	    32.555
     1.500	    26.672	    24.143	    24.144	    32.579
     1.505	    26.701	    24.171	    24.176	    32.603
     1.510	    26.731	    24.199	    24.208	    32.626
     1.515	    26.760	    24.226	    24.240	    32.650
     1.520	    26.789	    24.254	    24.272	    32.674
     1.525	    26.818	    24.282	    24.304	    32.697
     1.530	    26.847	    24.309	    24.336	    32.721
     1.535	    26.876	    24.337	    24.368	    32.745
     1.540	    26.905	    24.364	    24.399	    32.768
     1.545	    26.934	    24.392	    24.431	    32.791
     1.550	    26.963	    24.419	    24.463	    32.815
     1.555	    26.992	    24.446	    24.494	    32.838
     1.560	    27.020	    24.473	    24.525	    32.861
     1.565	    27.049	    24.501	    24.557	    32.884
     1.570	    27.078	    24.528	    24.588	    32.908
     1.575	    27.106	    24.555	    24.620	    32.931
     1.580	    27.135	    24.582	    24.651	    32.954
     1.585	    27.163	    24.609	    24.682	    32.976
     1.590	    27.191	    24.636	    24.713	    32.999
     1.595	    27.220	    24.662	    24.744	    33.022
     1.600	    27.248	    24.689	    24.775	    33.045
     1.605	    27.276	    24.716	    24.806	    33.068
     1.610	    27.304	    24.743	    24.837	    33.090
     1.615	    27.332	    24.769	    24.868	    33.113
     1.620	    27.360	    24.796	    24.898	    33.135
     1.625	    27.388	    24.822	    24.929	    33.158
     1.630	    27.416	    24.849	    24.960	    33.180
     1.635	    27.444	    24.875	    24.990	    33.203
     1.640	    27.471	    24.901	    25.021	    33.225
     1.645	    27.499	    24.928	    25.051	    33.247
     1.650	    27.527	    24.954	    25.082	    33.270
     1.655	    27.554	    24.980	    25.112	    33.292
     1.660	    27.582	    25.006	    25.142	    33.314
     1.665	    27.609	    25.032	    25.173	    33.336
     1.670	    27.637	    25.058	    25.203	    33.358
     1.675	    27.664	    25.084	    25.233	    33.380
     1.680	    27.691	    25.110	    25.263	    33.402
     1.685	    27.719	    25.136	    25.293	    33.424
     1.690	    27.746	    25.162	    25.323	    33.446
     1.695	    27.773	    25.188	    25.353	    33.467
     1.700	    27.800	    25.213	    25.383	    33.489
     1.705	    27.827	    25.239	    25.413	    33.511
     1.710	    27.854	    25.265	    25.443	    33.532
     1.715	    27.881	    25.290	    25.472	    33.554
     1.720	    27.908	    25.316	    25.502	    33.575
     1.725	    27.935	    25.341	    25.532	    33.597
     1.730	    27.962	    25.367	    25.561	    33.618
     1.735	    27.988	    25.392	    25.591	    33.640
     1.740	    28.015	    25.418	    25.620	    33.661
     1.745	    28.042	    25.443	    25.650	    33.682
     1.750	    28.068	    25.468	    25.679	    33.704
     1.755	    28.095	    25.493	    25.708	    33.725
     1.760	    28.121	    25.518	    25.737	    33.746
     1.765	    28.148	    25.544	    25.767	    33.767
     1.770	    28.174	    25.569	    25.796	    33.788
     1.775	    28.200	    25.594	    25.825	    33.809
     1.780	    28.226	    25.619	    25.854	    33.830
     1.785	    28.253	    25.644	    25.883	    33.851
     1.790	    28.279	    25.668	    25.912	    33.872
     1.795	    28.305	    25.693	    25.941	    33.892
     1.800	    28.331	    25.718	    25.970	    33.913
     1.805	    28.357	    25.743	    25.999	    33.934
     1.810	    28.383	    25.767	    26.027	    33.955
     1.815	    28.409	    25.792	    26.056	    33.975
     1.820	    28.435	    25.817	    26.085	    33.996
     1.825	    28.461	    25.841	    26.113	    34.016
     1.830	    28.486	    25.866	    26.142	    34.037
     1.835	    28.512	    25.890	    26.171	    34.057
     1.840	    28.538	    25.915	    26.199	    34.078
     1.845	    28.564	    25.939	    26.227	    34.098
     1.850	    28.589	    25.963	    26.256	    34.118
     1.855	    28.615	    25.988	    26.284	    34.139
     1.860	    28.640	    26.012	    26.313	    34.159
     1.865	    28.666	    26.036	    26.341	    34.179
     1.870	    28.691	    26.060	    26.369	    34.199
     1.875	    28.716	    26.085	    26.397	    34.219
     1.880	    28.742	    26.109	    26.425	    34.240
     1.885	    28.767	    26.133	    26.453	    34.260
     1.890	    28.792	    26.157	    26.481	    34.280
     1.895	    28.818	    26.181	    26.509	    34.300
     1.900	    28.843	    26.205	    26.537	    34.319
     1.905	    28.868	    26.228	    26.565	    34.339
     1.910	    28.893	    26.252	    26.593	    34.359
     1.915	    28.918	    26.276	    26.621	    34.379
     1.920	    28.943	    26.300	    26.649	    34.399
     1.925	    28.968	    26.324	    26.676	    34.418
     1.930	    28.993	    26.347	    26.704	    34.438
     1.935	    29.017	    26.371	    26.732	    34.458
     1.940	    29.042	    26.394	    26.759	    34.477
     1.945	    29.067	    26.418	    26.787	    34.497
     1.950	    29.092	    26.442	    26.814	    34.516
     1.955	    29.116	    26.465	    26.842	    34.536
     1.960	    29.141	    26.488	    26.869	    34.555
     1.965	    29.166	    26.512	    26.897	    34.575
     1.970	    29.190	    26.535	    26.924	    34.594
     1.975	    29.215	    26.559	    26.951	    34.613
     1.980	    29.239	    26.582	    26.979	    34.633
     1.985	    29.264	    26.605	    27.006	    34.652
     1.990	    29.288	    26.628	    27.033	    34.671
     1.995	    29.312	    26.652	    27.060	    34.690
     2.000	    29.337	    26.675	    27.087	    34.709
     2.005	    29.361	    26.698	    27.114	    34.728
     2.010	    29.385	    26.721	    27.141	    34.747
     2.015	    29.409	    26.744	    27.168	    34.766
     2.020	    29.433	    26.767	    27.195	    34.785
     2.025	    29.457	    26.790	    27.222	    34.804
     2.030	    29.481	    26.813	    27.249	    34.823
     2.035	    29.505	    26.836	    27.276	    34.842
     2.040	    29.529	    26.858	    27.303	    34.861
     2.045	    29.553	    26.881	    27.329	    34.880
     2.050	    29.577	    26.904	    27.356	    34.899
     2.055	    29.601	    26.927	    27.383	    34.917
     2.060	    29.625	    26.949	    27.409	    34.936
     2.065	    29.649	    26.972	    27.436	    34.955
     2.070	    29.673	    26.995	    27.462	    34.973
     2.075	    29.696	    27.017	    27.489	    34.992
     2.080	    29.720	    27.040	    27.515	    35.010
     2.085	    29.744	    27.062	    27.542	    35.029
     2.090	    29.767	    27.085	    27.568	    35.047
     2.095	    29.791	    27.107	    27.595	    35.066
     2.100	    29.814	    27.130	    27.621	    35.084
     2.105	    29.838	    27.152	    27.647	    35.103
     2.110	    29.861	    27.174	    27.673	    35.121
     2.115	    29.885	    27.197	    27.700	    35.139
     2.120	    29.908	    27.219	    27.726	    35.158
     2.125	    29.931	    27.241	    27.752	    35.176
     2.130	    29.954	    27.263	    27.778	    35.194
     2.135	    29.978	    27.286	    27.804	    35.212
     2.140	    30.001	    27.308	    27.830	    35.230
     2.145	    30.024	    27.330	    27.856	    35.248
     2.150	    30.047	    27.352	    27.882	    35.266
     2.155	    30.070	    27.374	    27.908	    35.284
     2.160	    30.093	    27.396	    27.934	    35.303
     2.165	    30.117	    27.418	    27.960	    35.320
     2.170	    30.140	    27.440	    27.985	    35.338
     2.175	    30.163	    27.462	    28.011	    35.356
     2.180	    30.185	    27.484	    28.037	    35.374
     2.185	    30.208	    27.505	    28.063	    35.392
     2.190	    30.231	    27.527	    28.088	    35.410
     2.195	    30.254	    27.549	    28.114	    35.428
     2.200	    30.277	    27.571	    28.140	    35.445
     2.205	    30.300	    27.592	    28.165	    35.463
     2.210	    30.322	    27.614	    28.191	    35.481
     2.215	    30.345	    27.636	    28.216	    35.499
     2.220	    30.368	    27.657	    28.242	    35.516
     2.225	    30.390	    27.679	    28.267	    35.534
     2.230	    30.413	    27.700	    28.292	    35.551
     2.235	    30.435	    27.722	    28.318	    35.569
     2.240	    30.458	    27.743	    28.343	    35.586
     2.245	    30.480	    27.765	    28.368	    35.604
     2.250	    30.503	    27.786	    28.394	    35.621
     2.255	    30.525	    27.808	    28.419	    35.639
     2.260	    30.548	    27.829	    28.444	    35.656
     2.265	    30.570	    27.850	    28.469	    35.673
     2.270	    30.592	    27.872	    28.494	    35.691
     2.275	    30.615	    27.893	    28.519	    35.708
     2.280	    30.637	    27.914	    28.544	    35.725
     2.285	    30.659	    27.935	    28.569	    35.743
     2.290	    30.681	    27.957	    28.594	    35.760
     2.295	    30.703	    27.978	    28.619	    35.777
     2.300	    30.726	    27.999	    28.644	    35.794
     2.305	    30.748	    28.020	    28.669	    35.811
     2.310	    30.770	    28.041	    28.694	    35.828
     2.315	    30.792	    28.062	    28.719	    35.845
     2.320	    30.814	    28.083	    28.744	    35.862
     2.325	    30.836	    28.104	    28.768	    35.879
     2.330	    30.858	    28.125	    28.793	    35.896
     2.335	    30.880	    28.146	    28.818	    35.913
     2.340	    30.901	    28.167	    28.842	    35.930
     2.345	    30.923	    28.187	    28.867	    35.947
     2.350	    30.945	    28.208	    28.892	    35.964
     2.355	    30.967	    28.229	    28.916	    35.981
     2.360	    30.989	    28.250	    28.941	    35.998
     2.365	    31.010	    28.271	    28.965	    36.014
     2.370	    31.032	    28.291	    28.990	    36.031
     2.375	    31.054	    28.312	    29.014	    36.048
     2.380	    31.075	    28.333	    29.038	    36.065
     2.385	    31.097	    28.353	    29.063	    36.081
     2.390	    31.118	    28.374	    29.087	    36.098
     2.395	    31.140	    28.394	    29.112	    36.115
     2.400	    31.162	    28.415	    29.136	    36.131
     2.405	    31.183	    28.435	    29.160	    36.148
     2.410	    31.204	    28.456	    29.184	    36.164
     2.415	    31.226	    28.476	    29.209	    36.181
     2.420	    31.247	    28.497	    29.233	    36.197
     2.425	    31.269	    28.517	    29.257	    36.214
     2.430	    31.290	    28.538	    29.281	    36.230
     2.435	    31.311	    28.558	    29.305	    36.247
     2.440	    31.332	    28.578	    29.329	    36.263
     2.445	    31.354	    28.598	    29.353	    36.279
     2.450	    31.375	    28.619	    29.377	    36.296
     2.455	    31.396	    28.639	    29.401	    36.312
     2.460	    31.417	    28.659	    29.425	    36.328
     2.465	    31.438	    28.679	    29.449	    36.344
     2.470	    31.459	    28.699	    29.473	    36.361
     2.475	    31.481	    28.720	    29.497	    36.377
     2.480	    31.502	    28.740	    29.520	    36.393
     2.485	    31.523	    28.760	    29.544	    36.409
     2.490	    31.544	    28.780	    29.568	    36.425
     2.495	    31.565	    28.800	    29.592	    36.441
     2.500	    31.585	    28.820	    29.615	    36.457
     2.505	    31.606	    28.840	    29.639	    36.473
     2.510	    31.627	    28.860	    29.663	    36.489
     2.515	    31.648	    28.880	    29.686	    36.505
     2.520	    31.669	    28.900	    29.710	    36.521
     2.525	    31.690	    28.919	    29.733	    36.537
     2.530	    31.710	    28.939	    29.757	    36.553
     2.535	    31.731	    28.959	    29.780	    36.569
     2.540	    31.752	    28.979	    29.804	    36.585
     2.545	    31.773	    28.999	    29.827	    36.601
     2.550	    31.793	    29.018	    29.851	    36.617
     2.555	    31.814	    29.038	    29.874	    36.633
     2.560	    31.834	    29.058	    29.898	    36.648
     2.565	    31.855	    29.077	    29.921	    36.664
     2.570	    31.875	    29.097	    29.944	    36.680
     2.575	    31.896	    29.117	    29.967	    36.695
     2.580	    31.916	    29.136	    29.991	    36.711
     2.585	    31.937	    29.156	    30.014	    36.727
     2.590	    31.957	    29.175	    30.037	    36.742
     2.595	    31.978	    29.195	    30.060	    36.758
     2.600	    31.998	    29.214	    30.083	    36.774
     2.605	    32.019	    29.234	    30.107	    36.789
     2.610	    32.039	    29.253	    30.130	    36.805
     2.615	    32.059	    29.273	    30.153	    36.820
     2.620	    32.079	    29.292	    30.176	    36.836
     2.625	    32.100	    29.311	    30.199	    36.851
     2.630	    32.120	    29.331	    30.222	    36.867
     2.635	    32.140	    29.350	    30.245	    36.882
     2.640	    32.160	    29.369	    30.268	    36.897
     2.645	    32.180	    29.389	    30.291	    36.913
     2.650	    32.201	    29.408	    30.313	    36.928
     2.655	    32.221	    29.427	    30.336	    36.944
     2.660	    32.241	    29.446	    30.359	    36.959
     2.665	    32.261	    29.465	    30.382	    36.974
     2.670	    32.281	    29.485	    30.405	    36.989
     2.675	    32.301	    29.504	    30.427	    37.005
     2.680	    32.321	    29.523	    30.450	    37.020
     2.685	    32.341	    29.542	    30.473	    37.035
     2.690	    32.361	    29.561	    30.496	    37.050
     2.695	    32.381	    29.580	    30.518	    37.065
     2.700	    32.400	    29.599	    30.541	    37.081
     2.705	    32.420	    29.618	    30.563	    37.096
     2.710	    32.440	    29.637	    30.586	    37.111
     2.715	    32.460	    29.656	    30.609	    37.126
     2.720	    32.480	    29.675	    30.631	    37.141
     2.725	    32.499	    29.694	    30.654	    37.156
     2.730	    32.519	    29.713	    30.676	    37.171
     2.735	    32.539	    29.731	    30.699	    37.186
     2.740	    32.559	    29.750	    30.721	    37.201
     2.745	    32.578	    29.769	    30.743	    37.216
     2.750	    32.598	    29.788	    30.766	    37.231
     2.755	    32.617	    29.807	    30.788	    37.246
     2.760	    32.637	    29.825	    30.810	    37.260
     2.765	    32.657	    29.844	    30.833	    37.275
     2.770	    32.676	    29.863	    30.855	    37.290
     2.775	    32.696	    29.881	    30.877	    37.305
     2.780	    32.715	    29.900	    30.900	    37.320
     2.785	    32.735	    29.919	    30.922	    37.334
     2.790	    32.754	    29.937	    30.944	    37.349
     2.795	    32.773	    29.956	    30.966	    37.364
     2.800	    32.793	    29.975	    30.988	    37.379
     2.805	    32.812	    29.993	    31.010	    37.393
     2.810	    32.832	    30.012	    31.032	    37.408
     2.815	    32.851	    30.030	    31.055	    37.423
     2.820	    32.870	    30.049	    31.077	    37.437
     2.825	    32.889	    30.067	    31.099	    37.452
     2.830	    32.909	    30.085	    31.121	    37.466
     2.835	    32.928	    30.104	    31.143	    37.481
     2.840	    32.947	    30.122	    31.165	    37.496
     2.845	    32.966	    30.141	    31.186	    37.510
     2.850	    32.986	    30.159	    31.208	    37.525
     2.855	    33.005	    30.177	    31.230	    37.539
     2.860	    33.024	    30.196	    31.252	    37.554
     2.865	    33.043	    30.214	    31.274	    37.568
     2.870	    33.062	    30.232	    31.296	    37.582
     2.875	    33.081	    30.250	    31.318	    37.597
     2.880	    33.100	    30.269	    31.339	    37.611
     2.885	    33.119	    30.287	    31.361	    37.626
     2.890	    33.138	    30.305	    31.383	    37.640
     2.895	    33.157	    30.323	    31.404	    37.654
     2.900	    33.176	    30.341	    31.426	    37.669
     2.905	    33.195	    30.359	    31.448	    37.683
     2.910	    33.214	    30.378	    31.469	    37.697
     2.915	    33.233	    30.396	    31.491	    37.711
     2.920	    33.252	    30.414	    31.513	    37.726
     2.925	    33.270	    30.432	    31.534	    37.740
     2.930	    33.289	    30.450	    31.556	    37.754
     2.935	    33.308	    30.468	    31.577	    37.768
     2.940	    33.327	    30.486	    31.599	    37.782
     2.945	    33.345	    30.504	    31.620	    37.797
     2.950	    33.364	    30.522	    31.642	    37.811
     2.955	    33.383	    30.540	    31.663	    37.825
     2.960	    33.402	    30.558	    31.685	    37.839
     2.965	    33.420	    30.575	    31.706	    37.853
     2.970	    33.439	    30.593	    31.727	    37.867
     2.975	    33.458	    30.611	    31.749	    37.881
     2.980	    33.476	    30.629	    31.770	    37.895
     2.985	    33.495	    30.647	    31.791	    37.909
     2.990	    33.513	    30.665	    31.813	    37.923
     2.995	    33.532	    30.682	    31.834	    37.937
     3.000	    33.550	    30.700	    31.855	    37.951
     3.005	    33.569	    30.718	    31.876	    37.965
     3.010	    33.587	    30.735	    31.897	    37.979
     3.015	    33.606	    30.753	    31.919	    37.993
     3.020	    33.624	    30.771	    31.940	    38.006
     3.025	    33.643	    30.788	    31.961	    38.020
     3.030	    33.661	    30.806	    31.982	    38.034
     3.035	    33.679	    30.824	    32.003	    38.048
     3.040	    33.698	    30.841	    32.024	    38.062
     3.045	    33.716	    30.859	    32.045	    38.076
     3.050	    33.734	    30.876	    32.066	    38.089
     3.055	    33.753	    30.894	    32.087	    38.103
     3.060	    33.771	    30.911	    32.108	    38.117
     3.065	    33.789	    30.929	    32.129	    38.130
     3.070	    33.807	    30.946	    32.150	    38.144
     3.075	    33.826	    30.964	    32.171	    38.158
     3.080	    33.844	    30.981	    32.192	    38.171
     3.085	    33.862	    30.999	    32.213	    38.185
     3.090	    33.880	    31.016	    32.234	    38.199
     3.095	    33.898	    31.034	    32.255	    38.212
     3.100	    33.916	    31.051	    32.275	    38.226
     3.105	    33.935	    31.068	    32.296	    38.239
     3.110	    33.953	    31.086	    32.317	    38.253
     3.115	    33.971	    31.103	    32.338	    38.267
     3.120	    33.989	    31.120	    32.359	    38.280
     3.125	    34.007	    31.138	    32.379	    38.294
     3.130	    34.025	    31.155	    32.400	    38.307
     3.135	    34.043	    31.172	    32.421	    38.321
     3.140	    34.061	    31.189	    32.441	    38.334
     3.145	    34.079	    31.206	    32.462	    38.347
     3.150	    34.097	    31.224	    32.483	    38.361
     3.155	    34.114	    31.241	    32.503	    38.374
     3.160	    34.132	    31.258	    32.524	    38.388
     3.165	    34.150	    31.275	    32.544	    38.401
     3.170	    34.168	    31.292	    32.565	    38.414
     3.175	    34.186	    31.309	    32.585	    38.428
     3.180	    34.204	    31.326	    32.606	    38.441
     3.185	    34.222	    31.343	    32.626	    38.454
     3.190	    34.239	    31.361	    32.647	    38.468
     3.195	    34.257	    31.378	    32.667	    38.481
     3.200	    34.275	    31.395	    32.688	    38.494
     3.205	    34.292	    31.412	    32.708	    38.507
     3.210	    34.310	    31.429	    32.729	    38.521
     3.215	    34.328	    31.445	    32.749	    38.534
     3.220	    34.346	    31.462	    32.769	    38.547
     3.225	    34.363	    31.479	    32.790	    38.560
     3.230	    34.381	    31.496	    32.810	    38.573
     3.235	    34.398	    31.513	    32.830	    38.586
     3.240	    34.416	    31.530	    32.851	    38.600
     3.245	    34.434	    31.547	    32.871	    38.613
     3.250	    34.451	    31.564	    32.891	    38.626
     3.255	    34.469	    31.581	    32.911	    38.639
     3.260	    34.486	    31.597	    32.932	    38.652
     3.265	    34.504	    31.614	    32.952	    38.665
     3.270	    34.521	    31.631	    32.972	    38.678
     3.275	    34.539	    31.648	    32.992	    38.691
     3.280	    34.556	    31.664	    33.012	    38.704
     3.285	    34.574	    31.681	    33.032	    38.717
     3.290	    34.591	    31.698	    33.052	    38.730
     3.295	    34.608	    31.715	    33.072	    38.743
     3.300	    34.626	    31.731	    33.093	    38.756
     3.305	    34.643	    31.748	    33.113	    38.769
     3.310	    34.660	    31.765	    33.133	    38.782
     3.315	    34.678	    31.781	    33.153	    38.795
     3.320	    34.695	    31.798	    33.173	    38.807
     3.325	    34.712	    31.814	    33.193	    38.820
     3.330	    34.730	    31.831	    33.212	    38.833
     3.335	    34.747	    31.847	    33.232	    38.846
     3.340	    34.764	    31.864	    33.252	    38.859
     3.345	    34.781	    31.881	    33.272	    38.872
     3.350	    34.798	    31.897	    33.292	    38.884
     3.355	    34.816	    31.914	    33.312	    38.897
     3.360	    34.833	    31.930	    33.332	    38.910
     3.365	    34.850	    31.947	    33.352	    38.923
     3.370	    34.867	    31.963	    33.371	    38.935
     3.375	    34.884	    31.979	    33.391	    38.948
     3.380	    34.901	    31.996	    33.411	    38.961
     3.385	    34.918	    32.012	    33.431	    38.973
     3.390	    34.935	    32.029	    33.450	    38.986
     3.395	    34.953	    32.045	    33.470	    38.999
     3.400	    34.970	    32.061	    33.490	    39.011
     3.405	    34.987	    32.078	    33.510	    39.024
     3.410	    35.004	    32.094	    33.529	    39.037
     3.415	    35.021	    32.110	    33.549	    39.049
     3.420	    35.037	    32.127	    33.569	    39.062
     3.425	    35.054	    32.143	    33.588	    39.074
     3.430	    35.071	    32.159	    33.608	    39.087
     3.435	    35.088	    32.175	    33.627	    39.100
     3.440	    35.105	    32.192	    33.647	    39.112
     3.445	    35.122	    32.208	    33.666	    39.125
     3.450	    35.139	    32.224	    33.686	    39.137
     3.455	    35.156	    32.240	    33.706	    39.150
     3.460	    35.173	    32.256	    33.725	    39.162
     3.465	    35.189	    32.272	    33.744	    39.174
     3.470	    35.206	    32.289	    33.764	    39.187
     3.475	    35.223	    32.305	    33.783	    39.199
     3.480	    35.240	    32.321	    33.803	    39.212
     3.485	    35.257	    32.337	    33.822	    39.224
     3.490	    35.273	    32.353	    33.842	    39.237
     3.495	    35.290	    32.369	    33.861	    39.249
     3.500	    35.307	    32.385	    33.880	    39.261
     3.505	    35.323	    32.401	    33.900	    39.274
     3.510	    35.340	    32.417	    33.919	    39.286
     3.515	    35.357	    32.433	    33.938	    39.298
     3.520	    35.373	    32.449	    33.958	    39.311
     3.525	    35.390	    32.465	    33.977	    39.323
     3.530	    35.407	    32.481	    33.996	    39.335
     3.535	    35.423	    32.497	    34.015	    39.347
     3.540	    35.440	    32.513	    34.035	    39.360
     3.545	    35.456	    32.529	    34.054	    39.372
     3.550	    35.473	    32.545	    34.073	    39.384
     3.555	    35.489	    32.561	    34.092	    39.396
     3.560	    35.506	    32.576	    34.111	    39.408
     3.565	    35.522	    32.592	    34.131	    39.421
     3.570	    35.539	    32.608	    34.150	    39.433
     3.575	    35.555	    32.624	    34.169	    39.445
     3.580	    35.572	    32.640	    34.188	    39.457
     3.585	    35.588	    32.656	    34.207	    39.469
     3.590	    35.605	    32.671	    34.226	    39.481
     3.595	    35.621	    32.687	    34.245	    39.493
     3.600	    35.637	    32.703	    34.264	    39.506
     3.605	    35.654	    32.719	    34.283	    39.518
     3.610	    35.670	    32.734	    34.302	    39.530
     3.615	    35.687	    32.750	    34.321	    39.542
     3.620	    35.703	    32.766	    34.340	    39.554
     3.625	    35.719	    32.781	    34.359	    39.566
     3.630	    35.735	    32.797	    34.378	    39.578
     3.635	    35.752	    32.813	    34.397	    39.590
     3.640	    35.768	    32.828	    34.416	    39.602
     3.645	    35.784	    32.844	    34.435	    39.614
     3.650	    35.801	    32.860	    34.454	    39.626
     3.655	    35.817	    32.875	    34.473	    39.638
     3.660	    35.833	    32.891	    34.491	    39.650
     3.665	    35.849	    32.906	    34.510	    39.662
     3.670	    35.865	    32.922	    34.529	    39.673
     3.675	    35.882	    32.937	    34.548	    39.685
     3.680	    35.898	    32.953	    34.567	    39.697
     3.685	    35.914	    32.968	    34.585	    39.709
     3.690	    35.930	    32.984	    34.604	    39.721
     3.695	    35.946	    32.999	    34.623	    39.733
     3.700	    35.962	    33.015	    34.642	    39.745
     3.705	    35.978	    33.030	    34.660	    39.756
     3.710	    35.994	    33.046	    34.679	    39.768
     3.715	    36.010	    33.061	    34.698	    39.780
     3.720	    36.026	    33.077	    34.716	    39.792
     3.725	    36.042	    33.092	    34.735	    39.804
     3.730	    36.058	    33.107	    34.754	    39.815
     3.735	    36.074	    33.123	    34.772	    39.827
     3.740	    36.090	    33.138	    34.791	    39.839
     3.745	    36.106	    33.154	    34.809	    39.851
     3.750	    36.122	    33.169	    34.828	    39.862
     3.755	    36.138	    33.184	    34.847	    39.874
     3.760	    36.154	    33.200	    34.865	    39.886
     3.765	    36.170	    33.215	    34.884	    39.897
     3.770	    36.186	    33.230	    34.902	    39.909
     3.775	    36.202	    33.245	    34.921	    39.921
     3.780	    36.218	    33.261	    34.939	    39.932
     3.785	    36.234	    33.276	    34.958	    39.944
     3.790	    36.249	    33.291	    34.976	    39.956
     3.795	    36.265	    33.306	    34.995	    39.967
     3.800	    36.281	    33.322	    35.013	    39.979
     3.805	    36.297	    33.337	    35.031	    39.990
     3.810	    36.313	    33.352	    35.050	    40.002
     3.815	    36.328	    33.367	    35.068	    40.013
     3.820	    36.344	    33.382	    35.087	    40.025
     3.825	    36.360	    33.397	    35.105	    40.036
     3.830	    36.376	    33.413	    35.123	    40.048
     3.835	    36.391	    33.428	    35.142	    40.060
     3.840	    36.407	    33.443	    35.160	    40.071
     3.845	    36.423	    33.458	    35.178	    40.082
     3.850	    36.438	    33.473	    35.197	    40.094
     3.855	    36.454	    33.488	    35.215	    40.105
     3.860	    36.470	    33.503	    35.233	    40.117
     3.865	    36.485	    33.518	    35.251	    40.128
     3.870	    36.501	    33.533	    35.270	    40.140
     3.875	    36.516	    33.548	    35.288	    40.151
     3.880	    36.532	    33.563	    35.306	    40.163
     3.885	    36.548	    33.578	    35.324	    40.174
     3.890	    36.563	    33.593	    35.342	    40.185
     3.895	    36.579	    33.608	    35.360	    40.197
     3.900	    36.594	    33.623	    35.379	    40.208
     3.905	    36.610	    33.638	    35.397	    40.219
     3.910	    36.625	    33.653	    35.415	    40.231
     3.915	    36.641	    33.668	    35.433	    40.242
     3.920	    36.656	    33.683	    35.451	    40.253
     3.925	    36.672	    33.697	    35.469	    40.265
     3.930	    36.687	    33.712	    35.487	    40.276
     3.935	    36.703	    33.727	    35.505	    40.287
     3.940	    36.718	    33.742	    35.523	    40.299
     3.945	    36.734	    33.757	    35.541	    40.310
     3.950	    36.749	    33.772	    35.559	    40.321
     3.955	    36.764	    33.787	    35.577	    40.332
     3.960	    36.780	    33.801	    35.595	    40.343
     3.965	    36.795	    33.816	    35.613	    40.355
     3.970	    36.810	    33.831	    35.631	    40.366
     3.975	    36.826	    33.846	    35.649	    40.377
     3.980	    36.841	    33.860	    35.667	    40.388
     3.985	    36.856	    33.875	    35.685	    40.399
     3.990	    36.872	    33.890	    35.703	    40.411
     3.995	    36.887	    33.905	    35.721	    40.422
     4.000	    36.902	    33.919	    35.739	    40.433
     4.005	    36.918	    33.934	    35.756	    40.444
     4.010	    36.933	    33.949	    35.774	    40.455
     4.015	    36.948	    33.963	    35.792	    40.466
     4.020	    36.963	    33.978	    35.810	    40.477
     4.025	    36.978	    33.993	    35.828	    40.488
     4.030	    36.994	    34.007	    35.846	    40.499
     4.035	    37.009	    34.022	    35.863	    40.510
     4.040	    37.024	    34.037	    35.881	    40.522
     4.045	    37.039	    34.051	    35.899	    40.533
     4.050	    37.054	    34.066	    35.917	    40.544
     4.055	    37.069	    34.080	    35.934	    40.555
     4.060	    37.085	    34.095	    35.952	    40.566
     4.065	    37.100	    34.109	    35.970	    40.577
     4.070	    37.115	    34.124	    35.987	    40.588
     4.075	    37.130	    34.138	    36.005	    40.599
     4.080	    37.145	    34.153	    36.023	    40.610
     4.085	    37.160	    34.167	    36.040	    40.621
     4.090	    37.175	    34.182	    36.058	    40.631
     4.095	    37.190	    34.196	    36.076	    40.642
     4.100	    37.205	    34.211	    36.093	    40.653
     4.105	    37.220	    34.225	    36.111	    40.664
     4.110	    37.235	    34.240	    36.128	    40.675
     4.115	    37.250	    34.254	    36.146	    40.686
     4.120	    37.265	    34.269	    36.163	    40.697
     4.125	    37.280	    34.283	    36.181	    40.708
     4.130	    37.295	    34.297	    36.199	    40.719
     4.135	    37.310	    34.312	    36.216	    40.729
     4.140	    37.325	    34.326	    36.234	    40.740
     4.145	    37.340	    34.341	    36.251	    40.751
     4.150	    37.355	    34.355	    36.269	    40.762
     4.155	    37.370	    34.369	    36.286	    40.773
     4.160	    37.384	    34.384	    36.303	    40.784
     4.165	    37.399	    34.398	    36.321	    40.794
     4.170	    37.414	    34.412	    36.338	    40.805
     4.175	    37.429	    34.427	    36.356	    40.816
     4.180	    37.444	    34.441	    36.373	    40.827
     4.185	    37.459	    34.455	    36.391	    40.837
     4.190	    37.473	    34.469	    36.408	    40.848
     4.195	    37.488	    34.484	    36.425	    40.859
     4.200	    37.503	    34.498	    36.443	    40.870
     4.205	    37.518	    34.512	    36.460	    40.880
     4.210	    37.533	    34.526	    36.477	    40.891
     4.215	    37.547	    34.541	    36.495	    40.902
     4.220	    37.562	    34.555	    36.512	    40.912
     4.225	    37.577	    34.569	    36.529	    40.923
     4.230	    37.592	    34.583	    36.547	    40.934
     4.235	    37.606	    34.597	    36.564	    40.944
     4.240	    37.621	    34.611	    36.581	    40.955
     4.245	    37.636	    34.626	    36.598	    40.966
     4.250	    37.650	    34.640	    36.616	    40.976
     4.255	    37.665	    34.654	    36.633	    40.987
     4.260	    37.680	    34.668	    36.650	    40.997
     4.265	    37.694	    34.682	    36.667	    41.008
     4.270	    37.709	    34.696	    36.684	    41.019
     4.275	    37.723	    34.710	    36.701	    41.029
     4.280	    37.738	    34.724	    36.719	    41.040
     4.285	    37.753	    34.738	    36.736	    41.050
     4.290	    37.767	    34.752	    36.753	    41.061
     4.295	    37.782	    34.766	    36.770	    41.071
     4.300	    37.796	    34.780	    36.787	    41.082
     4.305	    37.811	    34.794	    36.804	    41.092
     4.310	    37.825	    34.808	    36.821	    41.103
     4.315	    37.840	    34.822	    36.838	    41.113
     4.320	    37.854	    34.836	    36.855	    41.124
     4.325	    37.869	    34.850	    36.873	    41.134
     4.330	    37.883	    34.864	    36.890	    41.145
     4.335	    37.898	    34.878	    36.907	    41.155
     4.340	    37.912	    34.892	    36.924	    41.166
     4.345	    37.927	    34.906	    36.941	    41.176
     4.350	    37.941	    34.920	    36.958	    41.187
     4.355	    37.956	    34.934	    36.975	    41.197
     4.360	    37.970	    34.948	    36.992	    41.207
     4.365	    37.984	    34.962	    37.009	    41.218
     4.370	    37.999	    34.976	    37.025	    41.228
     4.375	    38.013	    34.989	    37.042	    41.239
     4.380	    38.028	    35.003	    37.059	    41.249
     4.385	    38.042	    35.017	    37.076	    41.259
     4.390	    38.056	    35.031	    37.093	    41.270
     4.395	    38.071	    35.045	    37.110	    41.280
     4.400	    38.085	    35.059	    37.127	    41.290
     4.405	    38.099	    35.072	    37.144	    41.301
     4.410	    38.114	    35.086	    37.161	    41.311
     4.415	    38.128	    35.100	    37.177	    41.321
     4.420	    38.142	    35.114	    37.194	    41.332
     4.425	    38.157	    35.128	    37.211	    41.342
     4.430	    38.171	    35.141	    37.228	    41.352
     4.435	    38.185	    35.155	    37.245	    41.363
     4.440	    38.199	    35.169	    37.261	    41.373
     4.445	    38.214	    35.183	    37.278	    41.383
     4.450	    38.228	    35.196	    37.295	    41.393
     4.455	    38.242	    35.210	    37.312	    41.404
     4.460	    38.256	    35.224	    37.329	    41.414
     4.465	    38.270	    35.237	    37.345	    41.424
     4.470	    38.285	    35.251	    37.362	    41.434
     4.475	    38.299	    35.265	    37.379	    41.444
     4.480	    38.313	    35.278	    37.395	    41.455
     4.485	    38.327	    35.292	    37.412	    41.465
     4.490	    38.341	    35.306	    37.429	    41.475
     4.495	    38.355	    35.319	    37.445	    41.485
     4.500	    38.369	    35.333	    37.462	    41.495
     4.505	    38.383	    35.346	    37.479	    41.505
     4.510	    38.398	    35.360	    37.495	    41.516
     4.515	    38.412	    35.374	    37.512	    41.526
     4.520	    38.426	    35.387	    37.529	    41.536
     4.525	    38.440	    35.401	    37.545	    41.546
     4.530	    38.454	    35.414	    37.562	    41.556
     4.535	    38.468	    35.428	    37.578	    41.566
     4.540	    38.482	    35.441	    37.595	    41.576
     4.545	    38.496	    35.455	    37.611	    41.586
     4.550	    38.510	    35.468	    37.628	    41.596
     4.555	    38.524	    35.482	    37.644	    41.606
     4.560	    38.538	    35.495	    37.661	    41.616
     4.565	    38.552	    35.509	    37.677	    41.627
     4.570	    38.566	    35.522	    37.694	    41.637
     4.575	    38.580	    35.536	    37.710	    41.647
     4.580	    38.594	    35.549	    37.727	    41.657
     4.585	    38.608	    35.563	    37.743	    41.667
     4.590	    38.622	    35.576	    37.760	    41.677
     4.595	    38.636	    35.590	    37.776	    41.687
     4.600	    38.650	    35.603	    37.793	    41.697
     4.605	    38.663	    35.616	    37.809	    41.707
     4.610	    38.677	    35.630	    37.826	    41.717
     4.615	    38.691	    35.643	    37.842	    41.726
     4.620	    38.705	    35.657	    37.858	    41.736
     4.625	    38.719	    35.670	    37.875	    41.746
     4.630	    38.733	    35.683	    37.891	    41.756
     4.635	    38.747	    35.697	    37.907	    41.766
     4.640	    38.760	    35.710	    37.924	    41.776
     4.645	    38.774	    35.723	    37.940	    41.786
     4.650	    38.788	    35.737	    37.956	    41.796
     4.655	    38.802	    35.750	    37.973	    41.806
     4.660	    38.816	    35.763	    37.989	    41.816
     4.665	    38.829	    35.777	    38.005	    41.826
     4.670	    38.843	    35.790	    38.022	    41.835
     4.675	    38.857	    35.803	    38.038	    41.845
     4.680	    38.871	    35.816	    38.054	    41.855
     4.685	    38.885	    35.830	    38.070	    41.865
     4.690	    38.898	    35.843	    38.087	    41.875
     4.695	    38.912	    35.856	    38.103	    41.885
     4.700	    38.926	    35.869	    38.119	    41.895
     4.705	    38.939	    35.883	    38.135	    41.904
     4.710	    38.953	    35.896	    38.152	    41.914
     4.715	    38.967	    35.909	    38.168	    41.924
     4.720	    38.980	    35.922	    38.184	    41.934
     4.725	    38.994	    35.935	    38.200	    41.943
     4.730	    39.008	    35.949	    38.216	    41.953
     4.735	    39.021	    35.962	    38.232	    41.963
     4.740	    39.035	    35.975	    38.249	    41.973
     4.745	    39.049	    35.988	    38.265	    41.983
     4.750	    39.062	    36.001	    38.281	    41.992
     4.755	    39.076	    36.014	    38.297	    42.002
     4.760	    39.089	    36.028	    38.313	    42.012
     4.765	    39.103	    36.041	    38.329	    42.021
     4.770	    39.117	    36.054	    38.345	    42.031
     4.775	    39.130	    36.067	    38.361	    42.041
     4.780	    39.144	    36.080	    38.377	    42.051
     4.785	    39.157	    36.093	    38.393	    42.060
     4.790	    39.171	    36.106	    38.409	    42.070
     4.795	    39.184	    36.119	    38.425	    42.080
     4.800	    39.198	    36.132	    38.441	    42.089
     4.805	    39.211	    36.145	    38.457	    42.099
     4.810	    39.225	    36.158	    38.473	    42.108
     4.815	    39.238	    36.171	    38.489	    42.118
     4.820	    39.252	    36.184	    38.505	    42.128
     4.825	    39.265	    36.197	    38.521	    42.137
     4.830	    39.279	    36.210	    38.537	    42.147
     4.835	    39.292	    36.223	    38.553	    42.157
     4.840	    39.306	    36.236	    38.569	    42.166
     4.845	    39.319	    36.249	    38.585	    42.176
     4.850	    39.333	    36.262	    38.601	    42.185
     4.855	    39.346	    36.275	    38.617	    42.195
     4.860	    39.359	    36.288	    38.633	    42.204
     4.865	    39.373	    36.301	    38.649	    42.214
     4.870	    39.386	    36.314	    38.665	    42.224
     4.875	    39.400	    36.327	    38.680	    42.233
     4.880	    39.413	    36.340	    38.696	    42.243
     4.885	    39.426	    36.353	    38.712	    42.252
     4.890	    39.440	    36.366	    38.728	    42.262
     4.895	    39.453	    36.378	    38.744	    42.271
     4.900	    39.466	    36.391	    38.760	    42.281
     4.905	    39.480	    36.404	    38.775	    42.290
     4.910	    39.493	    36.417	    38.791	    42.300
     4.915	    39.506	    36.430	    38.807	    42.309
     4.920	    39.520	    36.443	    38.823	    42.319
     4.925	    39.533	    36.456	    38.839	    42.328
     4.930	    39.546	    36.468	    38.854	    42.338
     4.935	    39.559	    36.481	    38.870	    42.347
     4.940	    39.573	    36.494	    38.886	    42.356
     4.945	    39.586	    36.507	    38.902	    42.366
     4.950	    39.599	    36.520	    38.917	    42.375
     4.955	    39.612	    36.532	    38.933	    42.385
     4.960	    39.626	    36.545	    38.949	    42.394
     4.965	    39.639	    36.558	    38.964	    42.404
     4.970	    39.652	    36.571	    38.980	    42.413
     4.975	    39.665	    36.583	    38.996	    42.422
     4.980	    39.678	    36.596	    39.011	    42.432
     4.985	    39.692	    36.609	    39.027	    42.441
     4.990	    39.705	    36.622	    39.043	    42.451
     4.995	    39.718	    36.634	    39.058	    42.460
