# 02/18/2021, 12:46:38 
# rGO-based sensors 

# Normalization data
# time unit: min
# normalization point: 50.0 min


Time	ch1 norm	ch2 norm	ch3 norm	ch4 norm
 0.0000000	 1.0009931	 1.0007611	 1.0002320	 0.9951472
 1.0000000	 1.0007794	 1.0002319	 1.0002670	 0.9944831
 2.0000000	 1.0012000	 1.0003501	 1.0001138	 0.9949277
 3.0000000	 1.0005007	 1.0005906	 1.0001618	 0.9960350
 4.0000000	 1.0007495	 1.0003658	 1.0004755	 0.9955474
 5.0000000	 1.0005324	 1.0005458	 1.0000748	 0.9954731
 6.0000000	 1.0004210	 1.0006246	 1.0001029	 0.9961082
 7.0000000	 1.0004925	 1.0002278	 1.0001237	 0.9958088
 8.0000000	 1.0005919	 1.0005326	 1.0002445	 0.9957351
 9.0000000	 1.0002186	 1.0014947	 1.0002797	 0.9963688
10.0000000	 1.0001432	 1.0005814	 1.0002662	 0.9959768
11.0000000	 1.0004132	 1.0005639	 0.9999606	 0.9958170
12.0000000	 1.0003338	 1.0006760	 1.0002267	 0.9961216
13.0000000	 1.0000901	 0.9998463	 0.9999277	 0.9956070
14.0000000	 1.0005755	 1.0000309	 0.9999345	 0.9966557
15.0000000	 1.0004649	 0.9999150	 0.9998709	 0.9969662
16.0000000	 1.0000636	 0.9996112	 1.0001846	 0.9962647
17.0000000	 0.9997743	 0.9994208	 0.9999304	 0.9970535
18.0000000	 0.9995197	 1.0001854	 0.9999942	 0.9972513
19.0000000	 0.9995802	 0.9997943	 0.9998893	 0.9966114
20.0000000	 0.9993572	 0.9999838	 0.9996361	 0.9974155
21.0000000	 0.9996053	 1.0003473	 0.9999463	 0.9975268
22.0000000	 0.9993144	 0.9999550	 0.9998934	 0.9970960
23.0000000	 0.9990380	 1.0001867	 0.9996238	 0.9978655
24.0000000	 0.9988630	 0.9997019	 0.9998267	 0.9981264
25.0000000	 0.9988359	 0.9996836	 1.0000275	 0.9976782
26.0000000	 0.9990856	 0.9995110	 0.9998886	 0.9986887
27.0000000	 0.9990849	 1.0000457	 0.9996981	 0.9985109
28.0000000	 0.9989545	 0.9993683	 0.9999342	 0.9982085
29.0000000	 0.9990376	 0.9994136	 0.9996970	 0.9986077
30.0000000	 0.9988336	 0.9989522	 0.9998182	 0.9989333
31.0000000	 0.9988665	 0.9990567	 0.9997234	 0.9985328
32.0000000	 0.9989634	 0.9991761	 0.9994923	 0.9989346
33.0000000	 0.9989948	 0.9994130	 0.9996136	 0.9993404
34.0000000	 0.9988914	 0.9991585	 0.9996706	 0.9986444
35.0000000	 0.9991318	 0.9995968	 0.9997107	 0.9993196
36.0000000	 0.9992454	 0.9994163	 0.9999110	 0.9993664
37.0000000	 0.9990700	 0.9998443	 0.9999433	 0.9989570
38.0000000	 0.9987358	 1.0002735	 0.9996872	 0.9993501
39.0000000	 0.9994643	 1.0000716	 0.9999318	 0.9994477
40.0000000	 0.9994006	 0.9997717	 0.9997818	 0.9990375
41.0000000	 0.9990674	 0.9990601	 0.9998280	 0.9997381
42.0000000	 0.9993550	 0.9996190	 1.0000473	 0.9994846
43.0000000	 0.9994022	 0.9995201	 0.9998585	 0.9987960
44.0000000	 0.9995738	 0.9995868	 0.9999074	 0.9994770
45.0000000	 0.9998531	 0.9996401	 0.9999384	 0.9994824
46.0000000	 1.0001149	 0.9994990	 0.9998220	 0.9990013
47.0000000	 0.9997445	 0.9996511	 0.9998729	 0.9997276
48.0000000	 1.0000366	 1.0003439	 0.9999551	 0.9995038
49.0000000	 0.9997917	 0.9995124	 0.9997868	 0.9987619
50.0000000	 1.0000000	 1.0000000	 1.0000000	 1.0000000
51.0000000	 0.9839072	 0.9883529	 0.9957680	 0.9698996
52.0000000	 0.9563444	 0.9673399	 0.9858997	 0.9049317
53.0000000	 0.9387999	 0.9534927	 0.9774725	 0.8872849
54.0000000	 0.9299117	 0.9446585	 0.9705016	 0.8782942
55.0000000	 0.9123560	 0.9297529	 0.9588970	 0.8480651
56.0000000	 0.8961991	 0.9151745	 0.9462573	 0.8234546
57.0000000	 0.8805479	 0.9007474	 0.9316677	 0.8032130
58.0000000	 0.8667328	 0.8878351	 0.9178207	 0.7887297
59.0000000	 0.8554846	 0.8763497	 0.9043961	 0.7779271
60.0000000	 0.8458576	 0.8666118	 0.8920602	 0.7706427
61.0000000	 0.8655237	 0.8816064	 0.9009853	 0.8281843
62.0000000	 0.8815879	 0.8939268	 0.9085517	 0.8646464
63.0000000	 0.8941765	 0.9037189	 0.9148110	 0.8913063
64.0000000	 0.9040297	 0.9124780	 0.9203159	 0.9113782
65.0000000	 0.9125353	 0.9185567	 0.9250486	 0.9271093
66.0000000	 0.9197982	 0.9244209	 0.9289296	 0.9403685
67.0000000	 0.9260659	 0.9295670	 0.9324780	 0.9517277
68.0000000	 0.9314973	 0.9345808	 0.9360936	 0.9607479
69.0000000	 0.9364889	 0.9379591	 0.9392436	 0.9682429
70.0000000	 0.9408295	 0.9418562	 0.9418161	 0.9743486
71.0000000	 0.9449903	 0.9448546	 0.9444678	 0.9797286
72.0000000	 0.9482694	 0.9483053	 0.9469865	 0.9841225
73.0000000	 0.9518156	 0.9510776	 0.9491863	 0.9890604
74.0000000	 0.9549303	 0.9539991	 0.9517389	 0.9923827
75.0000000	 0.9574328	 0.9560003	 0.9531305	 0.9946238
76.0000000	 0.9601119	 0.9586420	 0.9552028	 0.9971058
77.0000000	 0.9625923	 0.9610376	 0.9570101	 0.9999517
78.0000000	 0.9642177	 0.9627605	 0.9585658	 1.0013320
79.0000000	 0.9664231	 0.9644387	 0.9603759	 1.0024371
80.0000000	 0.9681499	 0.9661327	 0.9616394	 1.0039403
81.0000000	 0.9696312	 0.9676129	 0.9630916	 1.0055709
82.0000000	 0.9708580	 0.9686588	 0.9645444	 1.0061254
83.0000000	 0.9721081	 0.9702217	 0.9656814	 1.0062349
84.0000000	 0.9735670	 0.9713681	 0.9667189	 1.0071443
85.0000000	 0.9748175	 0.9732436	 0.9676325	 1.0076493
86.0000000	 0.9754784	 0.9734593	 0.9688647	 1.0080673
87.0000000	 0.9762014	 0.9738733	 0.9697658	 1.0082198
88.0000000	 0.9773556	 0.9753974	 0.9706906	 1.0082262
89.0000000	 0.9781149	 0.9762438	 0.9715758	 1.0094021
90.0000000	 0.9789739	 0.9766766	 0.9722951	 1.0096886
91.0000000	 0.9794799	 0.9774635	 0.9732439	 1.0096083
92.0000000	 0.9801323	 0.9785511	 0.9740352	 1.0089581
93.0000000	 0.9809896	 0.9791537	 0.9747446	 1.0098252
94.0000000	 0.9813929	 0.9800927	 0.9754442	 1.0103816
95.0000000	 0.9821678	 0.9804909	 0.9765032	 1.0097047
96.0000000	 0.9824778	 0.9810546	 0.9771036	 1.0093126
97.0000000	 0.9832903	 0.9816505	 0.9774487	 1.0091177
98.0000000	 0.9840739	 0.9822222	 0.9782480	 1.0093475
99.0000000	 0.9842533	 0.9834107	 0.9790959	 1.0096643
100.0000000	 0.9847600	 0.9840762	 0.9793298	 1.0091472
101.0000000	 0.9853092	 0.9838495	 0.9801389	 1.0091366
102.0000000	 0.9854985	 0.9850415	 0.9803242	 1.0088766
103.0000000	 0.9862473	 0.9852507	 0.9811526	 1.0093206
104.0000000	 0.9867318	 0.9852969	 0.9818932	 1.0085861
105.0000000	 0.9872334	 0.9858448	 0.9820178	 1.0082378
106.0000000	 0.9880637	 0.9864853	 0.9824781	 1.0086604
107.0000000	 0.9882951	 0.9875375	 0.9829910	 1.0089080
108.0000000	 0.9885906	 0.9878773	 0.9836674	 1.0084812
109.0000000	 0.9892893	 0.9877852	 0.9839497	 1.0077456
110.0000000	 0.9896809	 0.9888530	 0.9845842	 1.0079154
111.0000000	 0.9175513	 0.9326218	 0.9476120	 0.8416285
112.0000000	 0.8696711	 0.8909734	 0.9120402	 0.7929479
113.0000000	 0.8343592	 0.8587861	 0.8791398	 0.7529567
114.0000000	 0.8091682	 0.8344784	 0.8512174	 0.7300237
115.0000000	 0.7904230	 0.8157671	 0.8279472	 0.7143408
116.0000000	 0.7758152	 0.8017068	 0.8085709	 0.7040559
117.0000000	 0.7641973	 0.7894562	 0.7923842	 0.6967502
118.0000000	 0.7547370	 0.7792081	 0.7786200	 0.6913012
119.0000000	 0.7469087	 0.7708570	 0.7668122	 0.6878230
120.0000000	 0.7407603	 0.7636950	 0.7567932	 0.6867627
121.0000000	 0.7726320	 0.7894388	 0.7759059	 0.7620351
122.0000000	 0.7982270	 0.8101621	 0.7914609	 0.8068966
123.0000000	 0.8175446	 0.8258903	 0.8041989	 0.8386808
124.0000000	 0.8335776	 0.8391452	 0.8152695	 0.8635938
125.0000000	 0.8473891	 0.8505380	 0.8248413	 0.8846946
126.0000000	 0.8594306	 0.8603486	 0.8335815	 0.9020666
127.0000000	 0.8696333	 0.8695887	 0.8413018	 0.9167083
128.0000000	 0.8786375	 0.8772452	 0.8484779	 0.9278563
129.0000000	 0.8868450	 0.8848712	 0.8550617	 0.9392849
130.0000000	 0.8938653	 0.8911119	 0.8611976	 0.9484335
131.0000000	 0.9004769	 0.8969512	 0.8670121	 0.9558382
132.0000000	 0.9061933	 0.9022394	 0.8721941	 0.9622462
133.0000000	 0.9114501	 0.9065296	 0.8771998	 0.9687855
134.0000000	 0.9165291	 0.9121178	 0.8819398	 0.9741781
135.0000000	 0.9209140	 0.9163543	 0.8862690	 0.9779587
136.0000000	 0.9248816	 0.9202600	 0.8903920	 0.9817404
137.0000000	 0.9284777	 0.9230105	 0.8943213	 0.9859266
138.0000000	 0.9318755	 0.9267304	 0.8980295	 0.9891756
139.0000000	 0.9351715	 0.9290408	 0.9013366	 0.9912068
140.0000000	 0.9381189	 0.9328709	 0.9047127	 0.9933614
141.0000000	 0.9407208	 0.9355024	 0.9077015	 0.9957011
142.0000000	 0.9429346	 0.9379645	 0.9109319	 0.9974836
143.0000000	 0.9455063	 0.9399292	 0.9136599	 0.9986045
144.0000000	 0.9476485	 0.9425967	 0.9161589	 1.0000825
145.0000000	 0.9497437	 0.9453560	 0.9187855	 1.0018158
146.0000000	 0.9519310	 0.9475251	 0.9215678	 1.0023853
147.0000000	 0.9540014	 0.9491055	 0.9237800	 1.0029315
148.0000000	 0.9558027	 0.9508678	 0.9261342	 1.0041930
149.0000000	 0.9578340	 0.9526953	 0.9284166	 1.0050909
150.0000000	 0.9590267	 0.9538639	 0.9306316	 1.0051966
151.0000000	 0.9609346	 0.9560655	 0.9324479	 1.0057289
152.0000000	 0.9620708	 0.9574573	 0.9345766	 1.0069202
153.0000000	 0.9632913	 0.9584305	 0.9364024	 1.0068996
154.0000000	 0.9646029	 0.9599698	 0.9380410	 1.0067247
155.0000000	 0.9658828	 0.9612995	 0.9401053	 1.0075684
156.0000000	 0.9668058	 0.9627774	 0.9414803	 1.0078886
157.0000000	 0.9679037	 0.9637303	 0.9430369	 1.0074012
158.0000000	 0.9691181	 0.9645215	 0.9445892	 1.0076650
159.0000000	 0.9699000	 0.9666850	 0.9460579	 1.0082640
160.0000000	 0.9705325	 0.9672999	 0.9476057	 1.0083583
161.0000000	 0.9712925	 0.9669945	 0.9487208	 1.0084808
162.0000000	 0.9719491	 0.9686053	 0.9499738	 1.0086619
163.0000000	 0.9727359	 0.9701596	 0.9514066	 1.0090810
164.0000000	 0.9732540	 0.9706311	 0.9527467	 1.0083409
165.0000000	 0.9740157	 0.9709335	 0.9537661	 1.0084037
166.0000000	 0.9743454	 0.9729033	 0.9546399	 1.0092374
167.0000000	 0.9747822	 0.9734088	 0.9556659	 1.0082044
168.0000000	 0.9752151	 0.9743325	 0.9568120	 1.0081272
169.0000000	 0.9757086	 0.9742930	 0.9579379	 1.0087740
170.0000000	 0.9760456	 0.9753819	 0.9589159	 1.0084968
171.0000000	 0.8399635	 0.8643311	 0.8707232	 0.7652492
172.0000000	 0.7727973	 0.8033216	 0.8081509	 0.7010154
173.0000000	 0.7381868	 0.7691925	 0.7671140	 0.6748972
174.0000000	 0.7161668	 0.7465834	 0.7388399	 0.6608816
175.0000000	 0.7014952	 0.7309978	 0.7183547	 0.6524707
176.0000000	 0.6906871	 0.7193509	 0.7026452	 0.6469203
177.0000000	 0.6823648	 0.7100238	 0.6904163	 0.6437689
178.0000000	 0.6757022	 0.7032328	 0.6808062	 0.6416538
179.0000000	 0.6704345	 0.6972956	 0.6729156	 0.6394461
180.0000000	 0.6661833	 0.6914775	 0.6664532	 0.6405411
181.0000000	 0.7063678	 0.7248554	 0.6918952	 0.7304139
182.0000000	 0.7369437	 0.7503514	 0.7118684	 0.7795589
183.0000000	 0.7604265	 0.7701633	 0.7282225	 0.8143482
184.0000000	 0.7796403	 0.7861815	 0.7420930	 0.8415503
185.0000000	 0.7964357	 0.8002628	 0.7544366	 0.8648275
186.0000000	 0.8104277	 0.8126245	 0.7655025	 0.8842718
187.0000000	 0.8229179	 0.8236393	 0.7757336	 0.8992529
188.0000000	 0.8339201	 0.8335231	 0.7849062	 0.9126235
189.0000000	 0.8436895	 0.8426630	 0.7932480	 0.9248679
190.0000000	 0.8525215	 0.8506540	 0.8012643	 0.9348022
191.0000000	 0.8602868	 0.8575508	 0.8087170	 0.9428944
192.0000000	 0.8676684	 0.8649754	 0.8156707	 0.9513986
193.0000000	 0.8741710	 0.8713056	 0.8221209	 0.9578869
194.0000000	 0.8804917	 0.8770796	 0.8280543	 0.9629472
195.0000000	 0.8861066	 0.8822342	 0.8340070	 0.9689458
196.0000000	 0.8912567	 0.8880498	 0.8396287	 0.9734921
197.0000000	 0.8958725	 0.8920826	 0.8445408	 0.9763632
198.0000000	 0.9002781	 0.8964541	 0.8493502	 0.9810542
199.0000000	 0.9043468	 0.9011101	 0.8542562	 0.9841320
200.0000000	 0.9082872	 0.9046579	 0.8586027	 0.9862951
201.0000000	 0.9118654	 0.9080940	 0.8628136	 0.9892145
202.0000000	 0.9148097	 0.9118780	 0.8669876	 0.9914665
203.0000000	 0.9184692	 0.9148919	 0.8707127	 0.9931045
204.0000000	 0.9213829	 0.9184090	 0.8742930	 0.9941699
205.0000000	 0.9238933	 0.9212928	 0.8780688	 0.9963441
206.0000000	 0.9263247	 0.9235663	 0.8810884	 0.9969143
207.0000000	 0.9286230	 0.9262085	 0.8844976	 0.9991712
208.0000000	 0.9310889	 0.9288988	 0.8875893	 1.0003586
209.0000000	 0.9329554	 0.9311107	 0.8906253	 1.0004781
210.0000000	 0.9352395	 0.9340272	 0.8935858	 1.0017260
211.0000000	 0.9372130	 0.9360243	 0.8963476	 1.0024920
212.0000000	 0.9389857	 0.9374187	 0.8987768	 1.0024329
213.0000000	 0.9409680	 0.9394677	 0.9014253	 1.0033615
214.0000000	 0.9426803	 0.9415988	 0.9038599	 1.0033516
215.0000000	 0.9439844	 0.9429576	 0.9063868	 1.0037894
216.0000000	 0.9458248	 0.9442309	 0.9085904	 1.0044879
217.0000000	 0.9472826	 0.9458986	 0.9108777	 1.0052171
218.0000000	 0.9488465	 0.9479860	 0.9130929	 1.0047211
219.0000000	 0.9499611	 0.9491418	 0.9149871	 1.0057654
220.0000000	 0.9512552	 0.9502988	 0.9170270	 1.0066817
221.0000000	 0.9522312	 0.9516974	 0.9189129	 1.0058346
222.0000000	 0.9535626	 0.9530475	 0.9206143	 1.0062339
223.0000000	 0.9547621	 0.9540071	 0.9225013	 1.0073238
224.0000000	 0.9556227	 0.9553032	 0.9244561	 1.0071090
225.0000000	 0.9565725	 0.9568014	 0.9258545	 1.0066389
226.0000000	 0.9575203	 0.9574157	 0.9276254	 1.0076175
227.0000000	 0.9583429	 0.9593863	 0.9292609	 1.0066845
228.0000000	 0.9592612	 0.9595967	 0.9304998	 1.0072689
229.0000000	 0.9601870	 0.9604501	 0.9320297	 1.0079169
230.0000000	 0.9605028	 0.9617420	 0.9335444	 1.0086003
231.0000000	 0.7404825	 0.7741042	 0.7673695	 0.6743261
232.0000000	 0.6771707	 0.7135249	 0.6977606	 0.6302297
233.0000000	 0.6479170	 0.6832586	 0.6606907	 0.6127917
234.0000000	 0.6310777	 0.6650165	 0.6381193	 0.6036925
235.0000000	 0.6194515	 0.6525423	 0.6223352	 0.5983998
236.0000000	 0.6112930	 0.6434743	 0.6110068	 0.5955583
237.0000000	 0.6047153	 0.6363265	 0.6024430	 0.5932431
238.0000000	 0.5996244	 0.6307702	 0.5956289	 0.5918865
239.0000000	 0.5955669	 0.6260796	 0.5899073	 0.5904564
240.0000000	 0.5922806	 0.6225130	 0.5859125	 0.5934741
241.0000000	 0.6449214	 0.6656199	 0.6206095	 0.7049147
242.0000000	 0.6819372	 0.6957455	 0.6452364	 0.7591172
243.0000000	 0.7094175	 0.7198220	 0.6651268	 0.7975720
244.0000000	 0.7324692	 0.7393378	 0.6819397	 0.8268584
245.0000000	 0.7520078	 0.7557697	 0.6966533	 0.8516585
246.0000000	 0.7685400	 0.7704899	 0.7101813	 0.8717608
247.0000000	 0.7829339	 0.7838234	 0.7221251	 0.8881214
248.0000000	 0.7962959	 0.7956817	 0.7331278	 0.9030558
249.0000000	 0.8076486	 0.8061180	 0.7435101	 0.9155430
250.0000000	 0.8180689	 0.8153324	 0.7531352	 0.9249557
251.0000000	 0.8273700	 0.8241793	 0.7617877	 0.9337850
252.0000000	 0.8358957	 0.8326981	 0.7701308	 0.9434446
253.0000000	 0.8438497	 0.8400909	 0.7778098	 0.9506237
254.0000000	 0.8515281	 0.8473371	 0.7851209	 0.9556861
255.0000000	 0.8578252	 0.8535975	 0.7918753	 0.9611099
256.0000000	 0.8642407	 0.8596260	 0.7986547	 0.9668277
257.0000000	 0.8699613	 0.8653648	 0.8048766	 0.9699076
258.0000000	 0.8754008	 0.8705575	 0.8106465	 0.9737638
259.0000000	 0.8804956	 0.8749525	 0.8162587	 0.9778643
260.0000000	 0.8851707	 0.8801679	 0.8218308	 0.9802474
261.0000000	 0.8889972	 0.8847863	 0.8267003	 0.9830252
262.0000000	 0.8932387	 0.8897118	 0.8314109	 0.9857428
263.0000000	 0.8968790	 0.8929818	 0.8363102	 0.9873084
264.0000000	 0.9006212	 0.8964677	 0.8405529	 0.9886394
265.0000000	 0.9038419	 0.8999948	 0.8448454	 0.9914095
266.0000000	 0.9070997	 0.9037044	 0.8488916	 0.9934524
267.0000000	 0.9098925	 0.9070024	 0.8529763	 0.9936943
268.0000000	 0.9129741	 0.9102850	 0.8565002	 0.9954163
269.0000000	 0.9153591	 0.9126406	 0.8604851	 0.9965479
270.0000000	 0.9176402	 0.9153610	 0.8638408	 0.9970493
271.0000000	 0.9204123	 0.9181878	 0.8670649	 0.9982289
272.0000000	 0.9230443	 0.9205809	 0.8705498	 0.9991233
273.0000000	 0.9245932	 0.9233108	 0.8737534	 0.9985903
274.0000000	 0.9267668	 0.9253008	 0.8764806	 0.9987626
275.0000000	 0.9289544	 0.9268641	 0.8795219	 1.0002337
276.0000000	 0.9308086	 0.9290608	 0.8823105	 1.0004680
277.0000000	 0.9325718	 0.9308848	 0.8850082	 1.0002693
278.0000000	 0.9344528	 0.9328447	 0.8875608	 1.0012097
279.0000000	 0.9358999	 0.9348840	 0.8904410	 1.0011448
280.0000000	 0.9376939	 0.9357821	 0.8927434	 1.0012906
281.0000000	 0.9391354	 0.9384301	 0.8953384	 1.0025346
282.0000000	 0.9405502	 0.9397525	 0.8975888	 1.0017274
283.0000000	 0.9418757	 0.9413368	 0.8997822	 1.0024512
284.0000000	 0.9434579	 0.9426070	 0.9019850	 1.0028468
285.0000000	 0.9441730	 0.9443523	 0.9040193	 1.0024664
286.0000000	 0.9454670	 0.9456707	 0.9058926	 1.0025899
287.0000000	 0.9471793	 0.9474906	 0.9081342	 1.0035202
288.0000000	 0.9479466	 0.9486396	 0.9099374	 1.0030346
289.0000000	 0.9491028	 0.9493147	 0.9116964	 1.0025870
290.0000000	 0.9503117	 0.9505825	 0.9135150	 1.0036981
291.0000000	 0.9509674	 0.9518408	 0.9153935	 1.0035628
292.0000000	 0.9520409	 0.9527859	 0.9169525	 1.0031949
293.0000000	 0.9532322	 0.9541439	 0.9187819	 1.0037904
294.0000000	 0.9539042	 0.9552614	 0.9202473	 1.0041160
295.0000000	 0.9548908	 0.9554197	 0.9219260	 1.0036056
296.0000000	 0.9558557	 0.9564150	 0.9233266	 1.0040032
297.0000000	 0.9565779	 0.9582721	 0.9248115	 1.0041544
298.0000000	 0.9573422	 0.9590796	 0.9265185	 1.0042476
299.0000000	 0.9583423	 0.9589916	 0.9277007	 1.0035111
300.0000000	 0.9589947	 0.9598460	 0.9288660	 1.0040884
301.0000000	 0.9596264	 0.9606040	 0.9302403	 1.0045580
302.0000000	 0.9600206	 0.9615344	 0.9315549	 1.0038671
303.0000000	 0.9610979	 0.9615037	 0.9325309	 1.0036320
304.0000000	 0.9615933	 0.9623882	 0.9339395	 1.0039379
305.0000000	 0.9618014	 0.9639162	 0.9352336	 1.0038102
306.0000000	 0.9624659	 0.9635435	 0.9362792	 1.0040135
307.0000000	 0.9625922	 0.9649348	 0.9374126	 1.0044752
308.0000000	 0.9634261	 0.9659691	 0.9384213	 1.0044121
309.0000000	 0.9639924	 0.9669093	 0.9395003	 1.0035859
310.0000000	 0.9642350	 0.9660745	 0.9405084	 1.0043322
311.0000000	 0.9649032	 0.9668626	 0.9415208	 1.0046232
312.0000000	 0.9652990	 0.9672463	 0.9424528	 1.0040864
313.0000000	 0.9656145	 0.9676550	 0.9431795	 1.0037676
314.0000000	 0.9660184	 0.9686366	 0.9443663	 1.0049324
315.0000000	 0.9660538	 0.9691690	 0.9451547	 1.0044099
316.0000000	 0.9670155	 0.9690602	 0.9459507	 1.0041787
317.0000000	 0.9670376	 0.9699367	 0.9467109	 1.0045689
318.0000000	 0.9672482	 0.9709723	 0.9475775	 1.0047740
319.0000000	 0.9677391	 0.9705448	 0.9484420	 1.0041460
320.0000000	 0.9682316	 0.9714864	 0.9491814	 1.0048637
321.0000000	 0.9682080	 0.9721209	 0.9502120	 1.0051950
322.0000000	 0.9691119	 0.9725736	 0.9509273	 1.0049003
323.0000000	 0.9696987	 0.9731043	 0.9516690	 1.0048007
324.0000000	 0.9699640	 0.9732596	 0.9526085	 1.0055180
325.0000000	 0.9706121	 0.9731149	 0.9531696	 1.0050608
326.0000000	 0.9709348	 0.9739567	 0.9538910	 1.0047536
327.0000000	 0.9715793	 0.9753364	 0.9547509	 1.0047785
328.0000000	 0.9718927	 0.9756674	 0.9556147	 1.0046946
329.0000000	 0.9726097	 0.9749179	 0.9562201	 1.0040648
330.0000000	 0.9730246	 0.9756289	 0.9570359	 1.0049165
331.0000000	 0.9732673	 0.9765128	 0.9575022	 1.0056275
332.0000000	 0.9736315	 0.9764166	 0.9584604	 1.0050690
333.0000000	 0.9744382	 0.9774022	 0.9589949	 1.0053957
334.0000000	 0.9747740	 0.9777777	 0.9596689	 1.0055509
335.0000000	 0.9748704	 0.9775398	 0.9603003	 1.0050526
336.0000000	 0.9756210	 0.9777324	 0.9608484	 1.0050801
337.0000000	 0.9759473	 0.9780550	 0.9615538	 1.0056464
338.0000000	 0.9767053	 0.9781854	 0.9620871	 1.0052585
339.0000000	 0.9770289	 0.9784876	 0.9624906	 1.0049402
340.0000000	 0.9769923	 0.9790743	 0.9633496	 1.0060607
