# 02/18/2021, 12:46:38 
# rGO-based sensors 

# Visualization data
# time unit: min
# channels unit: kOhm


Time	ch1	ch2	ch3	ch4
    0.0000	   23.7970	   36.4562	   44.1098	  259.0063
    1.0000	   23.7920	   36.4369	   44.1113	  258.8335
    2.0000	   23.8020	   36.4412	   44.1046	  258.9492
    3.0000	   23.7853	   36.4500	   44.1067	  259.2374
    4.0000	   23.7913	   36.4418	   44.1205	  259.1105
    5.0000	   23.7861	   36.4483	   44.1028	  259.0911
    6.0000	   23.7834	   36.4512	   44.1041	  259.2565
    7.0000	   23.7851	   36.4367	   44.1050	  259.1785
    8.0000	   23.7875	   36.4478	   44.1103	  259.1593
    9.0000	   23.7786	   36.4829	   44.1119	  259.3243
   10.0000	   23.7768	   36.4496	   44.1113	  259.2222
   11.0000	   23.7833	   36.4490	   44.0978	  259.1807
   12.0000	   23.7814	   36.4531	   44.1095	  259.2599
   13.0000	   23.7756	   36.4228	   44.0964	  259.1260
   14.0000	   23.7871	   36.4296	   44.0967	  259.3990
   15.0000	   23.7845	   36.4253	   44.0939	  259.4798
   16.0000	   23.7750	   36.4143	   44.1077	  259.2972
   17.0000	   23.7681	   36.4073	   44.0965	  259.5025
   18.0000	   23.7620	   36.4352	   44.0993	  259.5540
   19.0000	   23.7635	   36.4210	   44.0947	  259.3874
   20.0000	   23.7582	   36.4279	   44.0835	  259.5967
   21.0000	   23.7641	   36.4411	   44.0972	  259.6257
   22.0000	   23.7571	   36.4268	   44.0948	  259.5135
   23.0000	   23.7506	   36.4352	   44.0830	  259.7138
   24.0000	   23.7464	   36.4176	   44.0919	  259.7817
   25.0000	   23.7458	   36.4169	   44.1008	  259.6651
   26.0000	   23.7517	   36.4106	   44.0946	  259.9281
   27.0000	   23.7517	   36.4301	   44.0862	  259.8818
   28.0000	   23.7486	   36.4054	   44.0966	  259.8031
   29.0000	   23.7506	   36.4071	   44.0862	  259.9070
   30.0000	   23.7457	   36.3903	   44.0915	  259.9917
   31.0000	   23.7465	   36.3941	   44.0874	  259.8875
   32.0000	   23.7488	   36.3984	   44.0772	  259.9921
   33.0000	   23.7495	   36.4071	   44.0825	  260.0977
   34.0000	   23.7471	   36.3978	   44.0850	  259.9165
   35.0000	   23.7528	   36.4138	   44.0868	  260.0923
   36.0000	   23.7555	   36.4072	   44.0956	  260.1045
   37.0000	   23.7513	   36.4228	   44.0971	  259.9979
   38.0000	   23.7434	   36.4384	   44.0858	  260.1002
   39.0000	   23.7607	   36.4311	   44.0965	  260.1256
   40.0000	   23.7592	   36.4201	   44.0899	  260.0189
   41.0000	   23.7513	   36.3942	   44.0920	  260.2012
   42.0000	   23.7581	   36.4146	   44.1016	  260.1352
   43.0000	   23.7592	   36.4110	   44.0933	  259.9560
   44.0000	   23.7633	   36.4134	   44.0955	  260.1332
   45.0000	   23.7699	   36.4153	   44.0968	  260.1347
   46.0000	   23.7762	   36.4102	   44.0917	  260.0094
   47.0000	   23.7674	   36.4157	   44.0939	  260.1985
   48.0000	   23.7743	   36.4410	   44.0976	  260.1402
   49.0000	   23.7685	   36.4107	   44.0901	  259.9471
   50.0000	   23.7734	   36.4284	   44.0996	  260.2694
   51.0000	   23.3909	   36.0042	   43.9129	  252.4352
   52.0000	   22.7356	   35.2387	   43.4777	  235.5260
   53.0000	   22.3185	   34.7343	   43.1061	  230.9331
   54.0000	   22.1072	   34.4124	   42.7987	  228.5931
   55.0000	   21.6898	   33.8695	   42.2869	  220.7254
   56.0000	   21.3057	   33.3384	   41.7295	  214.3200
   57.0000	   20.9337	   32.8128	   41.0861	  209.0517
   58.0000	   20.6052	   32.3425	   40.4755	  205.2822
   59.0000	   20.3378	   31.9241	   39.8835	  202.4706
   60.0000	   20.1089	   31.5693	   39.3395	  200.5747
   61.0000	   20.5765	   32.1156	   39.7330	  215.5510
   62.0000	   20.9584	   32.5644	   40.0667	  225.0410
   63.0000	   21.2577	   32.9211	   40.3428	  231.9797
   64.0000	   21.4919	   33.2402	   40.5855	  237.2038
   65.0000	   21.6941	   33.4616	   40.7942	  241.2981
   66.0000	   21.8668	   33.6752	   40.9654	  244.7491
   67.0000	   22.0158	   33.8627	   41.1219	  247.7055
   68.0000	   22.1449	   34.0453	   41.2813	  250.0532
   69.0000	   22.2636	   34.1684	   41.4202	  252.0040
   70.0000	   22.3668	   34.3104	   41.5337	  253.5931
   71.0000	   22.4657	   34.4196	   41.6506	  254.9933
   72.0000	   22.5436	   34.5453	   41.7617	  256.1369
   73.0000	   22.6279	   34.6463	   41.8587	  257.4221
   74.0000	   22.7020	   34.7527	   41.9713	  258.2868
   75.0000	   22.7615	   34.8256	   42.0326	  258.8701
   76.0000	   22.8252	   34.9218	   42.1240	  259.5161
   77.0000	   22.8841	   35.0091	   42.2037	  260.2568
   78.0000	   22.9228	   35.0719	   42.2723	  260.6160
   79.0000	   22.9752	   35.1330	   42.3521	  260.9037
   80.0000	   23.0163	   35.1947	   42.4079	  261.2949
   81.0000	   23.0515	   35.2486	   42.4719	  261.7193
   82.0000	   23.0806	   35.2867	   42.5360	  261.8636
   83.0000	   23.1104	   35.3437	   42.5861	  261.8921
   84.0000	   23.1450	   35.3854	   42.6319	  262.1288
   85.0000	   23.1748	   35.4537	   42.6722	  262.2602
   86.0000	   23.1905	   35.4616	   42.7265	  262.3690
   87.0000	   23.2077	   35.4767	   42.7662	  262.4087
   88.0000	   23.2351	   35.5322	   42.8070	  262.4104
   89.0000	   23.2532	   35.5630	   42.8461	  262.7164
   90.0000	   23.2736	   35.5788	   42.8778	  262.7910
   91.0000	   23.2856	   35.6075	   42.9196	  262.7701
   92.0000	   23.3011	   35.6471	   42.9545	  262.6009
   93.0000	   23.3215	   35.6690	   42.9858	  262.8266
   94.0000	   23.3311	   35.7033	   43.0167	  262.9714
   95.0000	   23.3495	   35.7178	   43.0634	  262.7952
   96.0000	   23.3569	   35.7383	   43.0898	  262.6932
   97.0000	   23.3762	   35.7600	   43.1050	  262.6424
   98.0000	   23.3948	   35.7808	   43.1403	  262.7022
   99.0000	   23.3991	   35.8241	   43.1777	  262.7847
  100.0000	   23.4111	   35.8484	   43.1880	  262.6501
  101.0000	   23.4242	   35.8401	   43.2237	  262.6473
  102.0000	   23.4287	   35.8835	   43.2319	  262.5797
  103.0000	   23.4465	   35.8912	   43.2684	  262.6952
  104.0000	   23.4580	   35.8928	   43.3010	  262.5041
  105.0000	   23.4699	   35.9128	   43.3065	  262.4134
  106.0000	   23.4897	   35.9361	   43.3268	  262.5234
  107.0000	   23.4952	   35.9745	   43.3495	  262.5878
  108.0000	   23.5022	   35.9868	   43.3793	  262.4767
  109.0000	   23.5188	   35.9835	   43.3917	  262.2853
  110.0000	   23.5281	   36.0224	   43.4197	  262.3295
  111.0000	   21.8133	   33.9740	   41.7893	  219.0501
  112.0000	   20.6751	   32.4568	   40.2206	  206.3800
  113.0000	   19.8356	   31.2842	   38.7697	  195.9715
  114.0000	   19.2367	   30.3988	   37.5383	  190.0028
  115.0000	   18.7911	   29.7171	   36.5121	  185.9210
  116.0000	   18.4438	   29.2049	   35.6576	  183.2442
  117.0000	   18.1676	   28.7587	   34.9438	  181.3427
  118.0000	   17.9427	   28.3853	   34.3368	  179.9245
  119.0000	   17.7566	   28.0811	   33.8161	  179.0192
  120.0000	   17.6104	   27.8202	   33.3742	  178.7433
  121.0000	   18.3681	   28.7580	   34.2171	  198.3344
  122.0000	   18.9766	   29.5129	   34.9031	  210.0105
  123.0000	   19.4358	   30.0859	   35.4648	  218.2829
  124.0000	   19.8170	   30.5688	   35.9530	  224.7670
  125.0000	   20.1454	   30.9838	   36.3751	  230.2589
  126.0000	   20.4316	   31.3412	   36.7606	  234.7803
  127.0000	   20.6742	   31.6778	   37.1010	  238.5911
  128.0000	   20.8882	   31.9567	   37.4175	  241.4926
  129.0000	   21.0834	   32.2345	   37.7078	  244.4671
  130.0000	   21.2503	   32.4618	   37.9784	  246.8482
  131.0000	   21.4074	   32.6745	   38.2348	  248.7754
  132.0000	   21.5433	   32.8672	   38.4634	  250.4432
  133.0000	   21.6683	   33.0235	   38.6841	  252.1452
  134.0000	   21.7890	   33.2270	   38.8931	  253.5487
  135.0000	   21.8933	   33.3814	   39.0841	  254.5327
  136.0000	   21.9876	   33.5236	   39.2659	  255.5169
  137.0000	   22.0731	   33.6238	   39.4392	  256.6065
  138.0000	   22.1539	   33.7593	   39.6027	  257.4521
  139.0000	   22.2322	   33.8435	   39.7485	  257.9808
  140.0000	   22.3023	   33.9830	   39.8974	  258.5415
  141.0000	   22.3642	   34.0789	   40.0292	  259.1505
  142.0000	   22.4168	   34.1686	   40.1717	  259.6144
  143.0000	   22.4779	   34.2402	   40.2920	  259.9061
  144.0000	   22.5289	   34.3373	   40.4022	  260.2908
  145.0000	   22.5787	   34.4378	   40.5180	  260.7420
  146.0000	   22.6307	   34.5169	   40.6407	  260.8902
  147.0000	   22.6799	   34.5744	   40.7383	  261.0323
  148.0000	   22.7227	   34.6386	   40.8421	  261.3607
  149.0000	   22.7710	   34.7052	   40.9428	  261.5944
  150.0000	   22.7994	   34.7478	   41.0404	  261.6219
  151.0000	   22.8447	   34.8280	   41.1205	  261.7604
  152.0000	   22.8717	   34.8787	   41.2144	  262.0705
  153.0000	   22.9007	   34.9141	   41.2949	  262.0651
  154.0000	   22.9319	   34.9702	   41.3672	  262.0196
  155.0000	   22.9624	   35.0186	   41.4582	  262.2392
  156.0000	   22.9843	   35.0725	   41.5189	  262.3225
  157.0000	   23.0104	   35.1072	   41.5875	  262.1957
  158.0000	   23.0393	   35.1360	   41.6560	  262.2643
  159.0000	   23.0579	   35.2148	   41.7207	  262.4202
  160.0000	   23.0729	   35.2372	   41.7890	  262.4448
  161.0000	   23.0910	   35.2261	   41.8382	  262.4767
  162.0000	   23.1066	   35.2848	   41.8934	  262.5238
  163.0000	   23.1253	   35.3414	   41.9566	  262.6329
  164.0000	   23.1376	   35.3586	   42.0157	  262.4402
  165.0000	   23.1557	   35.3696	   42.0607	  262.4566
  166.0000	   23.1635	   35.4414	   42.0992	  262.6736
  167.0000	   23.1739	   35.4598	   42.1444	  262.4047
  168.0000	   23.1842	   35.4934	   42.1950	  262.3846
  169.0000	   23.1959	   35.4920	   42.2446	  262.5530
  170.0000	   23.2040	   35.5316	   42.2878	  262.4808
  171.0000	   19.9688	   31.4862	   38.3985	  199.1709
  172.0000	   18.3721	   29.2638	   35.6391	  182.4528
  173.0000	   17.5492	   28.0205	   33.8294	  175.6551
  174.0000	   17.0257	   27.1969	   32.5825	  172.0072
  175.0000	   16.6770	   26.6291	   31.6791	  169.8181
  176.0000	   16.4200	   26.2048	   30.9863	  168.3735
  177.0000	   16.2222	   25.8651	   30.4470	  167.5533
  178.0000	   16.0638	   25.6177	   30.0232	  167.0028
  179.0000	   15.9385	   25.4014	   29.6753	  166.4282
  180.0000	   15.8375	   25.1894	   29.3903	  166.7132
  181.0000	   16.7928	   26.4054	   30.5123	  190.1044
  182.0000	   17.5197	   27.3341	   31.3931	  202.8953
  183.0000	   18.0780	   28.0559	   32.1143	  211.9499
  184.0000	   18.5347	   28.6394	   32.7260	  219.0298
  185.0000	   18.9340	   29.1523	   33.2703	  225.0881
  186.0000	   19.2667	   29.6026	   33.7583	  230.1489
  187.0000	   19.5636	   30.0039	   34.2095	  234.0480
  188.0000	   19.8251	   30.3640	   34.6140	  237.5279
  189.0000	   20.0574	   30.6969	   34.9819	  240.7148
  190.0000	   20.2674	   30.9880	   35.3354	  243.3004
  191.0000	   20.4520	   31.2392	   35.6641	  245.4065
  192.0000	   20.6275	   31.5097	   35.9707	  247.6199
  193.0000	   20.7821	   31.7403	   36.2552	  249.3086
  194.0000	   20.9323	   31.9506	   36.5168	  250.6256
  195.0000	   21.0658	   32.1384	   36.7793	  252.1869
  196.0000	   21.1882	   32.3503	   37.0273	  253.3702
  197.0000	   21.2980	   32.4972	   37.2439	  254.1174
  198.0000	   21.4027	   32.6564	   37.4560	  255.3384
  199.0000	   21.4994	   32.8260	   37.6723	  256.1394
  200.0000	   21.5931	   32.9553	   37.8640	  256.7024
  201.0000	   21.6782	   33.0805	   38.0497	  257.4622
  202.0000	   21.7482	   33.2183	   38.2338	  258.0484
  203.0000	   21.8352	   33.3281	   38.3980	  258.4747
  204.0000	   21.9044	   33.4562	   38.5559	  258.7520
  205.0000	   21.9641	   33.5613	   38.7224	  259.3178
  206.0000	   22.0219	   33.6441	   38.8556	  259.4662
  207.0000	   22.0766	   33.7403	   39.0059	  260.0536
  208.0000	   22.1352	   33.8383	   39.1423	  260.3627
  209.0000	   22.1796	   33.9189	   39.2762	  260.3938
  210.0000	   22.2339	   34.0252	   39.4067	  260.7186
  211.0000	   22.2808	   34.0979	   39.5285	  260.9180
  212.0000	   22.3229	   34.1487	   39.6357	  260.9026
  213.0000	   22.3700	   34.2233	   39.7524	  261.1443
  214.0000	   22.4108	   34.3010	   39.8598	  261.1417
  215.0000	   22.4418	   34.3505	   39.9712	  261.2556
  216.0000	   22.4855	   34.3969	   40.0684	  261.4374
  217.0000	   22.5202	   34.4576	   40.1693	  261.6272
  218.0000	   22.5573	   34.5337	   40.2670	  261.4981
  219.0000	   22.5838	   34.5758	   40.3505	  261.7699
  220.0000	   22.6146	   34.6179	   40.4405	  262.0084
  221.0000	   22.6378	   34.6689	   40.5236	  261.7879
  222.0000	   22.6695	   34.7180	   40.5987	  261.8919
  223.0000	   22.6980	   34.7530	   40.6819	  262.1755
  224.0000	   22.7184	   34.8002	   40.7681	  262.1196
  225.0000	   22.7410	   34.8548	   40.8298	  261.9973
  226.0000	   22.7636	   34.8772	   40.9079	  262.2520
  227.0000	   22.7831	   34.9490	   40.9800	  262.0091
  228.0000	   22.8049	   34.9566	   41.0346	  262.1612
  229.0000	   22.8269	   34.9877	   41.1021	  262.3299
  230.0000	   22.8345	   35.0348	   41.1689	  262.5077
  231.0000	   17.6038	   28.1994	   33.8406	  175.5064
  232.0000	   16.0987	   25.9926	   30.7709	  164.0295
  233.0000	   15.4032	   24.8900	   29.1362	  159.4909
  234.0000	   15.0029	   24.2255	   28.1408	  157.1227
  235.0000	   14.7265	   23.7711	   27.4447	  155.7451
  236.0000	   14.5325	   23.4408	   26.9451	  155.0056
  237.0000	   14.3762	   23.1804	   26.5675	  154.4030
  238.0000	   14.2551	   22.9780	   26.2670	  154.0499
  239.0000	   14.1587	   22.8071	   26.0146	  153.6777
  240.0000	   14.0805	   22.6772	   25.8385	  154.4631
  241.0000	   15.3320	   24.2475	   27.3686	  183.4677
  242.0000	   16.2120	   25.3449	   28.4546	  197.5749
  243.0000	   16.8653	   26.2220	   29.3318	  207.5836
  244.0000	   17.4133	   26.9329	   30.0732	  215.2059
  245.0000	   17.8778	   27.5315	   30.7221	  221.6606
  246.0000	   18.2708	   28.0677	   31.3187	  226.8926
  247.0000	   18.6130	   28.5535	   31.8454	  231.1508
  248.0000	   18.9307	   28.9854	   32.3306	  235.0377
  249.0000	   19.2006	   29.3656	   32.7885	  238.2878
  250.0000	   19.4483	   29.7013	   33.2129	  240.7376
  251.0000	   19.6694	   30.0236	   33.5945	  243.0356
  252.0000	   19.8721	   30.3339	   33.9624	  245.5497
  253.0000	   20.0612	   30.6032	   34.3011	  247.4182
  254.0000	   20.2438	   30.8672	   34.6235	  248.7358
  255.0000	   20.3935	   31.0952	   34.9213	  250.1475
  256.0000	   20.5460	   31.3148	   35.2203	  251.6356
  257.0000	   20.6820	   31.5239	   35.4947	  252.4372
  258.0000	   20.8113	   31.7131	   35.7491	  253.4409
  259.0000	   20.9324	   31.8732	   35.9966	  254.5081
  260.0000	   21.0436	   32.0631	   36.2424	  255.1284
  261.0000	   21.1345	   32.2314	   36.4571	  255.8513
  262.0000	   21.2354	   32.4108	   36.6648	  256.5586
  263.0000	   21.3219	   32.5299	   36.8809	  256.9661
  264.0000	   21.4109	   32.6569	   37.0680	  257.3125
  265.0000	   21.4874	   32.7854	   37.2573	  258.0335
  266.0000	   21.5649	   32.9205	   37.4357	  258.5652
  267.0000	   21.6313	   33.0407	   37.6159	  258.6282
  268.0000	   21.7045	   33.1603	   37.7713	  259.0764
  269.0000	   21.7612	   33.2461	   37.9470	  259.3709
  270.0000	   21.8155	   33.3452	   38.0950	  259.5014
  271.0000	   21.8814	   33.4482	   38.2372	  259.8084
  272.0000	   21.9439	   33.5353	   38.3909	  260.0412
  273.0000	   21.9808	   33.6348	   38.5321	  259.9025
  274.0000	   22.0324	   33.7073	   38.6524	  259.9473
  275.0000	   22.0844	   33.7642	   38.7865	  260.3302
  276.0000	   22.1285	   33.8442	   38.9095	  260.3912
  277.0000	   22.1704	   33.9107	   39.0285	  260.3395
  278.0000	   22.2152	   33.9821	   39.1410	  260.5842
  279.0000	   22.2496	   34.0564	   39.2680	  260.5673
  280.0000	   22.2922	   34.0891	   39.3696	  260.6053
  281.0000	   22.3265	   34.1856	   39.4840	  260.9290
  282.0000	   22.3601	   34.2337	   39.5833	  260.7189
  283.0000	   22.3916	   34.2914	   39.6800	  260.9073
  284.0000	   22.4292	   34.3377	   39.7771	  261.0103
  285.0000	   22.4462	   34.4013	   39.8668	  260.9113
  286.0000	   22.4770	   34.4493	   39.9495	  260.9434
  287.0000	   22.5177	   34.5156	   40.0483	  261.1856
  288.0000	   22.5360	   34.5575	   40.1278	  261.0592
  289.0000	   22.5634	   34.5821	   40.2054	  260.9427
  290.0000	   22.5922	   34.6282	   40.2856	  261.2319
  291.0000	   22.6078	   34.6741	   40.3684	  261.1967
  292.0000	   22.6333	   34.7085	   40.4372	  261.1009
  293.0000	   22.6616	   34.7580	   40.5179	  261.2559
  294.0000	   22.6776	   34.7987	   40.5825	  261.3406
  295.0000	   22.7010	   34.8045	   40.6565	  261.2078
  296.0000	   22.7240	   34.8407	   40.7183	  261.3113
  297.0000	   22.7411	   34.9084	   40.7838	  261.3506
  298.0000	   22.7593	   34.9378	   40.8591	  261.3749
  299.0000	   22.7831	   34.9346	   40.9112	  261.1832
  300.0000	   22.7986	   34.9657	   40.9626	  261.3334
  301.0000	   22.8136	   34.9933	   41.0232	  261.4557
  302.0000	   22.8230	   35.0272	   41.0812	  261.2758
  303.0000	   22.8486	   35.0261	   41.1242	  261.2147
  304.0000	   22.8604	   35.0583	   41.1863	  261.2943
  305.0000	   22.8653	   35.1140	   41.2434	  261.2610
  306.0000	   22.8811	   35.1004	   41.2895	  261.3140
  307.0000	   22.8841	   35.1511	   41.3395	  261.4341
  308.0000	   22.9040	   35.1888	   41.3840	  261.4177
  309.0000	   22.9174	   35.2230	   41.4315	  261.2027
  310.0000	   22.9232	   35.1926	   41.4760	  261.3969
  311.0000	   22.9391	   35.2213	   41.5206	  261.4726
  312.0000	   22.9485	   35.2353	   41.5617	  261.3329
  313.0000	   22.9560	   35.2502	   41.5938	  261.2500
  314.0000	   22.9656	   35.2859	   41.6461	  261.5531
  315.0000	   22.9664	   35.3053	   41.6809	  261.4171
  316.0000	   22.9893	   35.3014	   41.7160	  261.3569
  317.0000	   22.9898	   35.3333	   41.7495	  261.4585
  318.0000	   22.9948	   35.3710	   41.7877	  261.5119
  319.0000	   23.0065	   35.3554	   41.8259	  261.3484
  320.0000	   23.0182	   35.3897	   41.8585	  261.5352
  321.0000	   23.0176	   35.4129	   41.9039	  261.6215
  322.0000	   23.0391	   35.4293	   41.9355	  261.5448
  323.0000	   23.0531	   35.4487	   41.9682	  261.5188
  324.0000	   23.0594	   35.4543	   42.0096	  261.7055
  325.0000	   23.0748	   35.4491	   42.0344	  261.5865
  326.0000	   23.0825	   35.4797	   42.0662	  261.5066
  327.0000	   23.0978	   35.5300	   42.1041	  261.5131
  328.0000	   23.1052	   35.5420	   42.1422	  261.4912
  329.0000	   23.1223	   35.5147	   42.1689	  261.3273
  330.0000	   23.1321	   35.5406	   42.2049	  261.5490
  331.0000	   23.1379	   35.5728	   42.2254	  261.7340
  332.0000	   23.1466	   35.5693	   42.2677	  261.5887
  333.0000	   23.1657	   35.6052	   42.2912	  261.6737
  334.0000	   23.1737	   35.6189	   42.3210	  261.7141
  335.0000	   23.1760	   35.6103	   42.3488	  261.5844
  336.0000	   23.1939	   35.6173	   42.3730	  261.5915
  337.0000	   23.2016	   35.6290	   42.4041	  261.7389
  338.0000	   23.2196	   35.6338	   42.4276	  261.6380
  339.0000	   23.2273	   35.6448	   42.4454	  261.5551
  340.0000	   23.2265	   35.6662	   42.4833	  261.8468
