# 02/20/2021, 21:33:11 
# resultsAmadou 

# Visualization data
# time unit: min
# channels unit: MOhm


Time	ch1
    0.0000	    2.8326
    0.5000	    2.8292
    1.0000	    2.8219
    1.5000	    2.8140
    2.0000	    2.8043
    2.5000	    2.7993
    3.0000	    2.7924
    3.5000	    2.7898
    4.0000	    2.7824
    4.5000	    2.7730
    5.0000	    2.7719
    5.5000	    2.7633
    6.0000	    2.7575
    6.5000	    2.7541
    7.0000	    2.7466
    7.5000	    2.7392
    8.0000	    2.7377
    8.5000	    2.7297
    9.0000	    2.7269
    9.5000	    2.7179
   10.0000	    2.7124
   10.5000	    2.7093
   11.0000	    2.7029
   11.5000	    2.6979
   12.0000	    2.6938
   12.5000	    2.6900
   13.0000	    2.6849
   13.5000	    2.6804
   14.0000	    2.6783
   14.5000	    2.6715
   15.0000	    2.6706
   15.5000	    4.3268
   16.0000	    5.2415
   16.5000	    5.5788
   17.0000	    5.7196
   17.5000	    5.7913
   18.0000	    5.8677
   18.5000	    5.9420
   19.0000	    5.9870
   19.5000	    6.0441
   20.0000	    6.0902
   20.5000	    6.2039
   21.0000	    6.3239
   21.5000	    6.3809
   22.0000	    6.4206
   22.5000	    6.4626
   23.0000	    6.5062
   23.5000	    6.5371
   24.0000	    6.5657
   24.5000	    6.5896
   25.0000	    6.6125
   25.5000	    6.6324
   26.0000	    6.6706
   26.5000	    6.6873
   27.0000	    6.7095
   27.5000	    6.7258
   28.0000	    6.7437
   28.5000	    6.7580
   29.0000	    6.7907
   29.5000	    6.8093
   30.0000	    6.8218
   30.5000	    5.3386
   31.0000	    4.8139
   31.5000	    4.5371
   32.0000	    4.3320
   32.5000	    4.1768
   33.0000	    4.0652
   33.5000	    3.9631
   34.0000	    3.8807
   34.5000	    3.8075
   35.0000	    3.7530
   35.5000	    3.6922
   36.0000	    3.6398
   36.5000	    3.5928
   37.0000	    3.5562
   37.5000	    3.5207
   38.0000	    3.4780
   38.5000	    3.4508
   39.0000	    3.4150
   39.5000	    3.3897
   40.0000	    3.3627
   40.5000	    3.3378
   41.0000	    3.3130
   41.5000	    3.2873
   42.0000	    3.2657
   42.5000	    3.2442
   43.0000	    3.2248
   43.5000	    3.2072
   44.0000	    3.1909
   44.5000	    3.1680
   45.0000	    3.1529
   45.5000	    3.1387
   46.0000	    3.1243
   46.5000	    3.1096
   47.0000	    3.0964
   47.5000	    3.0813
   48.0000	    3.0673
   48.5000	    3.0513
   49.0000	    3.0424
   49.5000	    3.0310
   50.0000	    3.0159
   50.5000	    3.0067
   51.0000	    2.9951
   51.5000	    2.9844
   52.0000	    2.9758
   52.5000	    2.9637
   53.0000	    2.9514
   53.5000	    2.9456
   54.0000	    2.9340
   54.5000	    2.9271
   55.0000	    2.9142
   55.5000	    2.9062
   56.0000	    2.8993
   56.5000	    2.8926
   57.0000	    2.8813
   57.5000	    2.8766
   58.0000	    2.8656
   58.5000	    2.8593
   59.0000	    2.8500
   59.5000	    2.8460
   60.0000	    2.8357
   60.5000	    2.8317
   61.0000	    2.8241
   61.5000	    2.8175
   62.0000	    2.8094
   62.5000	    2.8020
   63.0000	    2.7988
   63.5000	    2.7934
   64.0000	    2.7825
   64.5000	    2.7761
   65.0000	    2.7757
   65.5000	    2.7662
   66.0000	    2.7596
   66.5000	    2.7546
   67.0000	    2.7494
   67.5000	    2.7426
   68.0000	    2.7421
   68.5000	    2.7366
   69.0000	    2.7287
   69.5000	    2.7226
   70.0000	    2.7162
   70.5000	    2.7154
   71.0000	    2.7095
   71.5000	    2.7035
   72.0000	    2.6981
   72.5000	    2.6962
   73.0000	    2.6922
   73.5000	    2.6840
   74.0000	    2.6795
   74.5000	    2.6782
   75.0000	    2.6741
   75.5000	    5.7474
   76.0000	    6.6354
   76.5000	    6.9242
   77.0000	    7.1379
   77.5000	    7.3199
   78.0000	    7.6275
   78.5000	    7.7954
   79.0000	    7.9294
   79.5000	    8.0168
   80.0000	    8.0794
   80.5000	    8.1581
   81.0000	    8.2201
   81.5000	    8.2929
   82.0000	    8.3468
   82.5000	    8.3816
   83.0000	    8.4304
   83.5000	    8.4900
   84.0000	    8.5180
   84.5000	    8.5680
   85.0000	    8.5856
   85.5000	    8.6198
   86.0000	    8.6688
   86.5000	    8.6946
   87.0000	    8.7169
   87.5000	    8.7405
   88.0000	    8.7644
   88.5000	    8.8062
   89.0000	    8.8218
   89.5000	    8.8327
   90.0000	    8.8506
   90.5000	    6.2732
   91.0000	    5.5513
   91.5000	    5.1774
   92.0000	    4.9089
   92.5000	    4.7087
   93.0000	    4.5615
   93.5000	    4.4358
   94.0000	    4.3218
   94.5000	    4.2377
   95.0000	    4.1503
   95.5000	    4.0784
   96.0000	    4.0148
   96.5000	    3.9597
   97.0000	    3.9039
   97.5000	    3.8571
   98.0000	    3.8107
   98.5000	    3.7682
   99.0000	    3.7350
   99.5000	    3.6991
  100.0000	    3.6597
  100.5000	    3.6268
  101.0000	    3.6028
  101.5000	    3.5676
  102.0000	    3.5403
  102.5000	    3.5172
  103.0000	    3.4954
  103.5000	    3.4695
  104.0000	    3.4492
  104.5000	    3.4213
  105.0000	    3.4065
  105.5000	    3.3842
  106.0000	    3.3646
  106.5000	    3.3484
  107.0000	    3.3290
  107.5000	    3.3144
  108.0000	    3.2927
  108.5000	    3.2822
  109.0000	    3.2664
  109.5000	    3.2513
  110.0000	    3.2338
  110.5000	    3.2185
  111.0000	    3.2057
  111.5000	    3.1962
  112.0000	    3.1815
  112.5000	    3.1681
  113.0000	    3.1581
  113.5000	    3.1436
  114.0000	    3.1346
  114.5000	    3.1183
  115.0000	    3.1079
  115.5000	    3.1011
  116.0000	    3.0876
  116.5000	    3.0804
  117.0000	    3.0658
  117.5000	    3.0609
  118.0000	    3.0483
  118.5000	    3.0376
  119.0000	    3.0280
  119.5000	    3.0226
  120.0000	    3.0098
  120.5000	    3.0072
  121.0000	    2.9937
  121.5000	    2.9851
  122.0000	    2.9800
  122.5000	    2.9700
  123.0000	    2.9610
  123.5000	    2.9540
  124.0000	    2.9468
  124.5000	    2.9410
  125.0000	    2.9364
  125.5000	    2.9258
  126.0000	    2.9222
  126.5000	    2.9158
  127.0000	    2.9080
  127.5000	    2.9024
  128.0000	    2.8957
  128.5000	    2.8879
  129.0000	    2.8807
  129.5000	    2.8728
  130.0000	    2.8670
  130.5000	    2.8606
  131.0000	    2.8543
  131.5000	    2.8522
  132.0000	    2.8428
  132.5000	    2.8422
  133.0000	    2.8361
  133.5000	    2.8268
  134.0000	    2.8227
  134.5000	    2.8152
  135.0000	    2.8106
  135.5000	    7.8774
  136.0000	    8.7398
  136.5000	    9.4781
  137.0000	    9.9420
  137.5000	   10.2067
  138.0000	   10.4128
  138.5000	   10.5701
  139.0000	   10.7104
  139.5000	   10.8619
  140.0000	   10.9643
  140.5000	   11.0810
  141.0000	   11.1575
  141.5000	   11.2324
  142.0000	   11.3239
  142.5000	   11.3706
  143.0000	   11.4684
  143.5000	   11.4919
  144.0000	   11.5394
  144.5000	   11.6507
  145.0000	   11.6452
  145.5000	   11.7483
  146.0000	   11.7561
  146.5000	   11.8088
  147.0000	   11.8439
  147.5000	   11.9275
  148.0000	   11.9552
  148.5000	   11.9996
  149.0000	   12.0348
  149.5000	   12.0839
  150.0000	   12.0703
  150.5000	    7.5624
  151.0000	    6.5873
  151.5000	    6.0862
  152.0000	    5.7396
  152.5000	    5.4882
  153.0000	    5.2780
  153.5000	    5.1210
  154.0000	    4.9751
  154.5000	    4.8577
  155.0000	    4.7563
  155.5000	    4.6674
  156.0000	    4.5859
  156.5000	    4.5101
  157.0000	    4.4352
  157.5000	    4.3738
  158.0000	    4.3101
  158.5000	    4.2604
  159.0000	    4.2143
  159.5000	    4.1598
  160.0000	    4.1158
  160.5000	    4.0813
  161.0000	    4.0348
  161.5000	    3.9994
  162.0000	    3.9665
  162.5000	    3.9321
  163.0000	    3.8992
  163.5000	    3.8628
  164.0000	    3.8328
  164.5000	    3.8085
  165.0000	    3.7848
  165.5000	    3.7547
  166.0000	    3.7275
  166.5000	    3.7089
  167.0000	    3.6849
  167.5000	    3.6645
  168.0000	    3.6434
  168.5000	    3.6158
  169.0000	    3.5981
  169.5000	    3.5810
  170.0000	    3.5622
  170.5000	    3.5431
  171.0000	    3.5244
  171.5000	    3.5108
  172.0000	    3.4934
  172.5000	    3.4740
  173.0000	    3.4546
  173.5000	    3.4418
  174.0000	    3.4241
  174.5000	    3.4114
  175.0000	    3.4034
  175.5000	    3.3834
  176.0000	    3.3722
  176.5000	    3.3576
  177.0000	    3.3449
  177.5000	    3.3319
  178.0000	    3.3218
  178.5000	    3.3126
  179.0000	    3.2954
  179.5000	    3.2880
  180.0000	    3.2720
  180.5000	    3.2648
  181.0000	    3.2528
  181.5000	    3.2446
  182.0000	    3.2303
  182.5000	    3.2214
  183.0000	    3.2163
  183.5000	    3.2054
  184.0000	    3.1910
  184.5000	    3.1871
  185.0000	    3.1753
  185.5000	    3.1646
  186.0000	    3.1568
  186.5000	    3.1493
  187.0000	    3.1421
  187.5000	    3.1348
  188.0000	    3.1217
  188.5000	    3.1154
  189.0000	    3.1111
  189.5000	    3.1015
  190.0000	    3.0894
  190.5000	    3.0830
  191.0000	    3.0800
  191.5000	    3.0731
  192.0000	    3.0599
  192.5000	    3.0547
  193.0000	    3.0473
  193.5000	    3.0431
  194.0000	    3.0375
  194.5000	    3.0264
  195.0000	    3.0231
  195.5000	    9.6211
  196.0000	   11.0522
  196.5000	   11.9569
  197.0000	   12.3576
  197.5000	   12.7020
  198.0000	   12.9270
  198.5000	   13.1347
  199.0000	   13.2718
  199.5000	   13.4546
  200.0000	   13.5995
  200.5000	   13.6919
  201.0000	   13.7783
  201.5000	   13.9217
  202.0000	   14.0210
  202.5000	   14.0993
  203.0000	   14.1611
  203.5000	   14.2878
  204.0000	   14.3482
  204.5000	   14.3830
  205.0000	   14.4892
  205.5000	   14.5644
  206.0000	   14.5682
  206.5000	   14.7027
  207.0000	   14.6907
  207.5000	   14.7595
  208.0000	   14.8828
  208.5000	   14.9408
  209.0000	   14.9022
  209.5000	   14.9884
  210.0000	   15.0637
  210.5000	    8.6823
  211.0000	    7.4799
  211.5000	    6.8638
  212.0000	    6.4498
  212.5000	    6.1560
  213.0000	    5.9072
  213.5000	    5.7145
  214.0000	    5.5554
  214.5000	    5.4181
  215.0000	    5.2879
  215.5000	    5.1795
  216.0000	    5.0874
  216.5000	    4.9937
  217.0000	    4.9133
  217.5000	    4.8328
  218.0000	    4.7605
  218.5000	    4.6979
  219.0000	    4.6408
  219.5000	    4.5850
  220.0000	    4.5278
  220.5000	    4.4778
  221.0000	    4.4271
  221.5000	    4.3889
  222.0000	    4.3421
  222.5000	    4.2989
  223.0000	    4.2639
  223.5000	    4.2305
  224.0000	    4.1880
  224.5000	    4.1595
  225.0000	    4.1254
  225.5000	    4.0978
  226.0000	    4.0664
  226.5000	    4.0349
  227.0000	    4.0088
  227.5000	    3.9817
  228.0000	    3.9513
  228.5000	    3.9288
  229.0000	    3.9022
  229.5000	    3.8826
  230.0000	    3.8556
  230.5000	    3.8337
  231.0000	    3.8117
  231.5000	    3.7963
  232.0000	    3.7724
  232.5000	    3.7586
  233.0000	    3.7318
  233.5000	    3.7227
  234.0000	    3.6982
  234.5000	    3.6862
  235.0000	    3.6632
  235.5000	    3.6495
  236.0000	    3.6303
  236.5000	    3.6205
  237.0000	    3.5980
  237.5000	    3.5887
  238.0000	    3.5697
  238.5000	    3.5602
  239.0000	    3.5402
  239.5000	    3.5306
  240.0000	    3.5178
  240.5000	    3.4992
  241.0000	    3.4929
  241.5000	    3.4765
  242.0000	    3.4663
  242.5000	    3.4533
  243.0000	    3.4431
  243.5000	    3.4278
  244.0000	    3.4194
  244.5000	    3.4067
  245.0000	    3.3981
  245.5000	    3.3818
  246.0000	    3.3738
  246.5000	    3.3645
  247.0000	    3.3510
  247.5000	    3.3453
  248.0000	    3.3345
  248.5000	    3.3238
  249.0000	    3.3115
  249.5000	    3.3074
  250.0000	    3.2919
  250.5000	    3.2837
  251.0000	    3.2790
  251.5000	    3.2677
  252.0000	    3.2599
  252.5000	    3.2542
  253.0000	    3.2452
  253.5000	    3.2334
  254.0000	    3.2258
  254.5000	    3.2172
  255.0000	    3.2118
  255.5000	   11.3072
  256.0000	   13.3503
  256.5000	   14.1839
  257.0000	   14.6828
  257.5000	   15.0401
  258.0000	   15.3852
  258.5000	   15.6148
  259.0000	   15.7927
  259.5000	   16.0019
  260.0000	   16.1629
  260.5000	   16.2377
  261.0000	   16.4576
  261.5000	   16.6191
  262.0000	   16.6302
  262.5000	   16.7584
  263.0000	   16.9589
  263.5000	   16.9994
  264.0000	   17.0651
  264.5000	   17.2579
  265.0000	   17.2368
  265.5000	   17.4057
  266.0000	   17.4967
  266.5000	   17.5316
  267.0000	   17.6472
  267.5000	   17.6136
  268.0000	   17.6973
  268.5000	   17.8646
  269.0000	   17.8819
  269.5000	   17.9541
  270.0000	   18.0393
  270.5000	    9.6656
  271.0000	    8.2510
  271.5000	    7.5448
  272.0000	    7.0762
  272.5000	    6.7298
  273.0000	    6.4710
  273.5000	    6.2421
  274.0000	    6.0577
  274.5000	    5.9090
  275.0000	    5.7681
  275.5000	    5.6366
  276.0000	    5.5298
  276.5000	    5.4198
  277.0000	    5.3229
  277.5000	    5.2466
  278.0000	    5.1632
  278.5000	    5.0913
  279.0000	    5.0193
  279.5000	    4.9570
  280.0000	    4.8945
  280.5000	    4.8296
  281.0000	    4.7820
  281.5000	    4.7333
  282.0000	    4.6816
  282.5000	    4.6330
  283.0000	    4.5903
  283.5000	    4.5421
  284.0000	    4.5024
  284.5000	    4.4672
  285.0000	    4.4324
  285.5000	    4.3977
  286.0000	    4.3636
  286.5000	    4.3212
  287.0000	    4.2922
  287.5000	    4.2651
  288.0000	    4.2362
  288.5000	    4.2095
  289.0000	    4.1764
  289.5000	    4.1540
  290.0000	    4.1221
  290.5000	    4.0974
  291.0000	    4.0727
  291.5000	    4.0483
  292.0000	    4.0289
  292.5000	    4.0084
  293.0000	    3.9817
  293.5000	    3.9682
  294.0000	    3.9463
  294.5000	    3.9208
  295.0000	    3.9006
  295.5000	    3.8877
  296.0000	    3.8667
  296.5000	    3.8448
  297.0000	    3.8326
  297.5000	    3.8102
  298.0000	    3.7945
  298.5000	    3.7797
  299.0000	    3.7615
  299.5000	    3.7475
  300.0000	    3.7343
  300.5000	    3.7194
  301.0000	    3.7055
  301.5000	    3.6938
  302.0000	    3.6791
  302.5000	    3.6635
  303.0000	    3.6480
  303.5000	    3.6385
  304.0000	    3.6213
  304.5000	    3.6139
  305.0000	    3.5954
  305.5000	    3.5902
  306.0000	    3.5724
  306.5000	    3.5657
  307.0000	    3.5542
  307.5000	    3.5425
  308.0000	    3.5243
  308.5000	    3.5154
  309.0000	    3.5071
  309.5000	    3.4996
  310.0000	    3.4826
  310.5000	    3.4714
  311.0000	    3.4653
  311.5000	    3.4533
  312.0000	    3.4442
  312.5000	    3.4369
  313.0000	    3.4227
  313.5000	    3.4150
  314.0000	    3.4077
  314.5000	    3.4017
  315.0000	    3.3924
  315.5000	   12.7883
  316.0000	   15.4821
  316.5000	   16.5032
  317.0000	   17.0469
  317.5000	   17.4799
  318.0000	   17.9157
  318.5000	   18.1605
  319.0000	   18.3838
  319.5000	   18.5761
  320.0000	   18.9161
  320.5000	   19.0773
  321.0000	   19.1726
  321.5000	   19.3088
  322.0000	   19.4561
  322.5000	   19.7319
  323.0000	   19.8383
  323.5000	   19.8677
  324.0000	   20.0477
  324.5000	   20.1372
  325.0000	   20.2878
  325.5000	   20.2721
  326.0000	   20.4529
  326.5000	   20.5384
  327.0000	   20.6036
  327.5000	   20.8105
  328.0000	   20.7299
  328.5000	   20.8989
  329.0000	   21.0145
  329.5000	   20.9810
  330.0000	   21.2292
  330.5000	   10.5929
  331.0000	    8.9656
  331.5000	    8.1792
  332.0000	    7.6645
  332.5000	    7.2961
  333.0000	    7.0021
  333.5000	    6.7629
  334.0000	    6.5576
  334.5000	    6.3784
  335.0000	    6.2201
  335.5000	    6.0760
  336.0000	    5.9597
  336.5000	    5.8458
  337.0000	    5.7393
  337.5000	    5.6441
  338.0000	    5.5468
  338.5000	    5.4711
  339.0000	    5.3871
  339.5000	    5.3140
  340.0000	    5.2500
  340.5000	    5.1785
  341.0000	    5.1195
  341.5000	    5.0654
  342.0000	    5.0119
  342.5000	    4.9614
  343.0000	    4.9040
  343.5000	    4.8547
  344.0000	    4.8103
