# 02/20/2021, 21:33:11 
# resultsAmadou 

# Power Law Fit data


x_fit_values	y_fit_1
     0.000	     0.000
     0.500	    14.749
     1.000	    21.097
     1.500	    26.012
     2.000	    30.179
     2.500	    33.865
     3.000	    37.209
     3.500	    40.292
     4.000	    43.169
     4.500	    45.877
     5.000	    48.442
     5.500	    50.886
     6.000	    53.225
     6.500	    55.472
     7.000	    57.636
     7.500	    59.727
     8.000	    61.751
     8.500	    63.715
     9.000	    65.624
     9.500	    67.482
    10.000	    69.294
    10.500	    71.062
    11.000	    72.790
    11.500	    74.481
    12.000	    76.136
    12.500	    77.758
    13.000	    79.349
    13.500	    80.911
    14.000	    82.445
    14.500	    83.953
    15.000	    85.436
    15.500	    86.895
    16.000	    88.331
    16.500	    89.746
    17.000	    91.141
    17.500	    92.516
    18.000	    93.872
    18.500	    95.209
    19.000	    96.530
    19.500	    97.833
    20.000	    99.121
    20.500	   100.393
    21.000	   101.651
    21.500	   102.893
    22.000	   104.122
    22.500	   105.338
    23.000	   106.540
    23.500	   107.730
    24.000	   108.908
    24.500	   110.074
    25.000	   111.229
    25.500	   112.372
    26.000	   113.505
    26.500	   114.627
    27.000	   115.739
    27.500	   116.841
    28.000	   117.933
    28.500	   119.016
    29.000	   120.090
    29.500	   121.155
    30.000	   122.211
    30.500	   123.259
    31.000	   124.299
    31.500	   125.330
    32.000	   126.353
    32.500	   127.369
    33.000	   128.378
    33.500	   129.379
    34.000	   130.372
    34.500	   131.359
    35.000	   132.339
    35.500	   133.312
    36.000	   134.278
    36.500	   135.238
    37.000	   136.192
    37.500	   137.139
    38.000	   138.081
    38.500	   139.016
    39.000	   139.946
    39.500	   140.869
    40.000	   141.788
    40.500	   142.700
    41.000	   143.607
    41.500	   144.509
    42.000	   145.406
    42.500	   146.297
    43.000	   147.184
    43.500	   148.065
    44.000	   148.942
    44.500	   149.813
    45.000	   150.680
    45.500	   151.543
    46.000	   152.400
    46.500	   153.254
    47.000	   154.103
    47.500	   154.947
    48.000	   155.787
    48.500	   156.623
    49.000	   157.455
    49.500	   158.283
    50.000	   159.107
    50.500	   159.927
    51.000	   160.742
    51.500	   161.554
    52.000	   162.363
    52.500	   163.167
    53.000	   163.968
    53.500	   164.765
    54.000	   165.558
    54.500	   166.348
    55.000	   167.135
    55.500	   167.918
    56.000	   168.697
    56.500	   169.474
    57.000	   170.246
    57.500	   171.016
    58.000	   171.783
    58.500	   172.546
    59.000	   173.306
    59.500	   174.063
    60.000	   174.817
    60.500	   175.568
    61.000	   176.316
    61.500	   177.060
    62.000	   177.802
    62.500	   178.542
    63.000	   179.278
    63.500	   180.011
    64.000	   180.742
    64.500	   181.470
    65.000	   182.195
    65.500	   182.918
    66.000	   183.637
    66.500	   184.355
    67.000	   185.069
    67.500	   185.781
    68.000	   186.491
    68.500	   187.198
    69.000	   187.902
    69.500	   188.604
    70.000	   189.304
    70.500	   190.001
    71.000	   190.696
    71.500	   191.388
    72.000	   192.078
    72.500	   192.766
    73.000	   193.451
    73.500	   194.134
    74.000	   194.815
    74.500	   195.494
    75.000	   196.171
    75.500	   196.845
    76.000	   197.517
    76.500	   198.187
    77.000	   198.855
    77.500	   199.521
    78.000	   200.185
    78.500	   200.846
    79.000	   201.506
    79.500	   202.164
    80.000	   202.820
    80.500	   203.473
    81.000	   204.125
    81.500	   204.775
    82.000	   205.423
    82.500	   206.069
    83.000	   206.713
    83.500	   207.355
    84.000	   207.995
    84.500	   208.634
    85.000	   209.270
    85.500	   209.905
    86.000	   210.538
    86.500	   211.170
    87.000	   211.799
    87.500	   212.427
    88.000	   213.053
    88.500	   213.677
    89.000	   214.300
    89.500	   214.921
    90.000	   215.540
    90.500	   216.158
    91.000	   216.774
    91.500	   217.388
    92.000	   218.001
    92.500	   218.612
    93.000	   219.221
    93.500	   219.829
    94.000	   220.436
    94.500	   221.041
    95.000	   221.644
    95.500	   222.245
    96.000	   222.846
    96.500	   223.444
    97.000	   224.042
    97.500	   224.637
    98.000	   225.231
    98.500	   225.824
    99.000	   226.416
    99.500	   227.005
   100.000	   227.594
   100.500	   228.181
   101.000	   228.766
   101.500	   229.351
   102.000	   229.933
   102.500	   230.515
   103.000	   231.095
   103.500	   231.674
   104.000	   232.251
   104.500	   232.827
   105.000	   233.402
   105.500	   233.975
   106.000	   234.547
   106.500	   235.118
   107.000	   235.687
   107.500	   236.255
   108.000	   236.822
   108.500	   237.388
   109.000	   237.952
   109.500	   238.515
   110.000	   239.077
   110.500	   239.638
   111.000	   240.197
   111.500	   240.756
   112.000	   241.313
   112.500	   241.868
   113.000	   242.423
   113.500	   242.976
   114.000	   243.529
   114.500	   244.080
   115.000	   244.630
   115.500	   245.178
   116.000	   245.726
   116.500	   246.272
   117.000	   246.818
   117.500	   247.362
   118.000	   247.905
   118.500	   248.447
   119.000	   248.988
   119.500	   249.527
   120.000	   250.066
   120.500	   250.604
   121.000	   251.140
   121.500	   251.676
   122.000	   252.210
   122.500	   252.743
   123.000	   253.276
   123.500	   253.807
   124.000	   254.337
   124.500	   254.866
   125.000	   255.394
   125.500	   255.921
   126.000	   256.448
   126.500	   256.973
   127.000	   257.497
   127.500	   258.020
   128.000	   258.542
   128.500	   259.063
   129.000	   259.583
   129.500	   260.102
   130.000	   260.620
   130.500	   261.138
   131.000	   261.654
   131.500	   262.169
   132.000	   262.684
   132.500	   263.197
   133.000	   263.709
   133.500	   264.221
   134.000	   264.732
   134.500	   265.241
   135.000	   265.750
   135.500	   266.258
   136.000	   266.765
   136.500	   267.271
   137.000	   267.776
   137.500	   268.281
   138.000	   268.784
   138.500	   269.286
   139.000	   269.788
   139.500	   270.289
   140.000	   270.789
   140.500	   271.288
   141.000	   271.786
   141.500	   272.283
   142.000	   272.780
   142.500	   273.275
   143.000	   273.770
   143.500	   274.264
   144.000	   274.757
   144.500	   275.250
   145.000	   275.741
   145.500	   276.232
   146.000	   276.722
   146.500	   277.211
   147.000	   277.699
   147.500	   278.186
   148.000	   278.673
   148.500	   279.159
   149.000	   279.644
   149.500	   280.128
   150.000	   280.612
   150.500	   281.094
   151.000	   281.576
   151.500	   282.057
   152.000	   282.538
   152.500	   283.017
   153.000	   283.496
   153.500	   283.974
   154.000	   284.452
   154.500	   284.928
   155.000	   285.404
   155.500	   285.879
   156.000	   286.354
   156.500	   286.827
   157.000	   287.300
   157.500	   287.772
   158.000	   288.244
   158.500	   288.715
   159.000	   289.185
   159.500	   289.654
   160.000	   290.123
   160.500	   290.590
   161.000	   291.058
   161.500	   291.524
   162.000	   291.990
   162.500	   292.455
   163.000	   292.919
   163.500	   293.383
   164.000	   293.846
   164.500	   294.309
   165.000	   294.770
   165.500	   295.231
   166.000	   295.692
   166.500	   296.151
   167.000	   296.610
   167.500	   297.068
   168.000	   297.526
   168.500	   297.983
   169.000	   298.439
   169.500	   298.895
   170.000	   299.350
   170.500	   299.805
   171.000	   300.258
   171.500	   300.711
   172.000	   301.164
   172.500	   301.616
   173.000	   302.067
   173.500	   302.518
   174.000	   302.967
   174.500	   303.417
   175.000	   303.866
   175.500	   304.314
   176.000	   304.761
   176.500	   305.208
   177.000	   305.654
   177.500	   306.100
   178.000	   306.545
   178.500	   306.989
   179.000	   307.433
   179.500	   307.876
   180.000	   308.319
   180.500	   308.761
   181.000	   309.202
   181.500	   309.643
   182.000	   310.083
   182.500	   310.523
   183.000	   310.962
   183.500	   311.401
   184.000	   311.839
   184.500	   312.276
   185.000	   312.713
   185.500	   313.149
   186.000	   313.585
   186.500	   314.020
   187.000	   314.454
   187.500	   314.888
   188.000	   315.322
   188.500	   315.754
   189.000	   316.187
   189.500	   316.618
   190.000	   317.050
   190.500	   317.480
   191.000	   317.910
   191.500	   318.340
   192.000	   318.769
   192.500	   319.197
   193.000	   319.625
   193.500	   320.053
   194.000	   320.480
   194.500	   320.906
   195.000	   321.332
   195.500	   321.757
   196.000	   322.182
   196.500	   322.606
   197.000	   323.030
   197.500	   323.453
   198.000	   323.875
   198.500	   324.298
   199.000	   324.719
   199.500	   325.140
   200.000	   325.561
   200.500	   325.981
   201.000	   326.401
   201.500	   326.820
   202.000	   327.238
   202.500	   327.656
   203.000	   328.074
   203.500	   328.491
   204.000	   328.908
   204.500	   329.324
   205.000	   329.739
   205.500	   330.154
   206.000	   330.569
   206.500	   330.983
   207.000	   331.397
   207.500	   331.810
   208.000	   332.223
   208.500	   332.635
   209.000	   333.047
   209.500	   333.458
   210.000	   333.869
   210.500	   334.279
   211.000	   334.689
   211.500	   335.098
   212.000	   335.507
   212.500	   335.916
   213.000	   336.324
   213.500	   336.731
   214.000	   337.138
   214.500	   337.545
   215.000	   337.951
   215.500	   338.357
   216.000	   338.762
   216.500	   339.167
   217.000	   339.571
   217.500	   339.975
   218.000	   340.378
   218.500	   340.781
   219.000	   341.184
   219.500	   341.586
   220.000	   341.987
   220.500	   342.389
   221.000	   342.789
   221.500	   343.190
   222.000	   343.590
   222.500	   343.989
   223.000	   344.388
   223.500	   344.787
   224.000	   345.185
   224.500	   345.583
   225.000	   345.980
   225.500	   346.377
   226.000	   346.773
   226.500	   347.169
   227.000	   347.565
   227.500	   347.960
   228.000	   348.355
   228.500	   348.749
   229.000	   349.143
   229.500	   349.537
   230.000	   349.930
   230.500	   350.322
   231.000	   350.715
   231.500	   351.106
   232.000	   351.498
   232.500	   351.889
   233.000	   352.280
   233.500	   352.670
   234.000	   353.060
   234.500	   353.449
   235.000	   353.838
   235.500	   354.227
   236.000	   354.615
   236.500	   355.003
   237.000	   355.390
   237.500	   355.777
   238.000	   356.164
   238.500	   356.550
   239.000	   356.936
   239.500	   357.321
   240.000	   357.706
   240.500	   358.091
   241.000	   358.475
   241.500	   358.859
   242.000	   359.243
   242.500	   359.626
   243.000	   360.009
   243.500	   360.391
   244.000	   360.773
   244.500	   361.155
   245.000	   361.536
   245.500	   361.917
   246.000	   362.297
   246.500	   362.678
   247.000	   363.057
   247.500	   363.437
   248.000	   363.816
   248.500	   364.194
   249.000	   364.573
   249.500	   364.951
   250.000	   365.328
   250.500	   365.705
   251.000	   366.082
   251.500	   366.459
   252.000	   366.835
   252.500	   367.210
   253.000	   367.586
   253.500	   367.961
   254.000	   368.335
   254.500	   368.710
   255.000	   369.084
   255.500	   369.457
   256.000	   369.830
   256.500	   370.203
   257.000	   370.576
   257.500	   370.948
   258.000	   371.320
   258.500	   371.691
   259.000	   372.062
   259.500	   372.433
   260.000	   372.804
   260.500	   373.174
   261.000	   373.544
   261.500	   373.913
   262.000	   374.282
   262.500	   374.651
   263.000	   375.019
   263.500	   375.387
   264.000	   375.755
   264.500	   376.122
   265.000	   376.489
   265.500	   376.856
   266.000	   377.222
   266.500	   377.588
   267.000	   377.954
   267.500	   378.320
   268.000	   378.685
   268.500	   379.049
   269.000	   379.414
   269.500	   379.778
   270.000	   380.141
   270.500	   380.505
   271.000	   380.868
   271.500	   381.231
   272.000	   381.593
   272.500	   381.955
   273.000	   382.317
   273.500	   382.679
   274.000	   383.040
   274.500	   383.401
   275.000	   383.761
   275.500	   384.121
   276.000	   384.481
   276.500	   384.841
   277.000	   385.200
   277.500	   385.559
   278.000	   385.918
   278.500	   386.276
   279.000	   386.634
   279.500	   386.992
   280.000	   387.349
   280.500	   387.706
   281.000	   388.063
   281.500	   388.419
   282.000	   388.776
   282.500	   389.131
   283.000	   389.487
   283.500	   389.842
   284.000	   390.197
   284.500	   390.552
   285.000	   390.906
   285.500	   391.260
   286.000	   391.614
   286.500	   391.967
   287.000	   392.320
   287.500	   392.673
   288.000	   393.026
   288.500	   393.378
   289.000	   393.730
   289.500	   394.082
   290.000	   394.433
   290.500	   394.784
   291.000	   395.135
   291.500	   395.486
   292.000	   395.836
   292.500	   396.186
   293.000	   396.535
   293.500	   396.885
   294.000	   397.234
   294.500	   397.582
   295.000	   397.931
   295.500	   398.279
   296.000	   398.627
   296.500	   398.975
   297.000	   399.322
   297.500	   399.669
   298.000	   400.016
   298.500	   400.362
   299.000	   400.708
   299.500	   401.054
   300.000	   401.400
   300.500	   401.745
   301.000	   402.091
   301.500	   402.435
   302.000	   402.780
   302.500	   403.124
   303.000	   403.468
   303.500	   403.812
   304.000	   404.155
   304.500	   404.499
   305.000	   404.841
   305.500	   405.184
   306.000	   405.526
   306.500	   405.869
   307.000	   406.210
   307.500	   406.552
   308.000	   406.893
   308.500	   407.234
   309.000	   407.575
   309.500	   407.915
   310.000	   408.256
   310.500	   408.596
   311.000	   408.935
   311.500	   409.275
   312.000	   409.614
   312.500	   409.953
   313.000	   410.291
   313.500	   410.630
   314.000	   410.968
   314.500	   411.306
   315.000	   411.643
   315.500	   411.981
   316.000	   412.318
   316.500	   412.654
   317.000	   412.991
   317.500	   413.327
   318.000	   413.663
   318.500	   413.999
   319.000	   414.335
   319.500	   414.670
   320.000	   415.005
   320.500	   415.340
   321.000	   415.674
   321.500	   416.009
   322.000	   416.343
   322.500	   416.676
   323.000	   417.010
   323.500	   417.343
   324.000	   417.676
   324.500	   418.009
   325.000	   418.341
   325.500	   418.674
   326.000	   419.006
   326.500	   419.338
   327.000	   419.669
   327.500	   420.000
   328.000	   420.331
   328.500	   420.662
   329.000	   420.993
   329.500	   421.323
   330.000	   421.653
   330.500	   421.983
   331.000	   422.313
   331.500	   422.642
   332.000	   422.971
   332.500	   423.300
   333.000	   423.629
   333.500	   423.957
   334.000	   424.285
   334.500	   424.613
   335.000	   424.941
   335.500	   425.268
   336.000	   425.595
   336.500	   425.922
   337.000	   426.249
   337.500	   426.576
   338.000	   426.902
   338.500	   427.228
   339.000	   427.554
   339.500	   427.879
   340.000	   428.205
   340.500	   428.530
   341.000	   428.855
   341.500	   429.179
   342.000	   429.504
   342.500	   429.828
   343.000	   430.152
   343.500	   430.476
   344.000	   430.799
   344.500	   431.122
   345.000	   431.445
   345.500	   431.768
   346.000	   432.091
   346.500	   432.413
   347.000	   432.735
   347.500	   433.057
   348.000	   433.379
   348.500	   433.700
   349.000	   434.022
   349.500	   434.343
   350.000	   434.664
   350.500	   434.984
   351.000	   435.304
   351.500	   435.625
   352.000	   435.945
   352.500	   436.264
   353.000	   436.584
   353.500	   436.903
   354.000	   437.222
   354.500	   437.541
   355.000	   437.860
   355.500	   438.178
   356.000	   438.496
   356.500	   438.814
   357.000	   439.132
   357.500	   439.449
   358.000	   439.767
   358.500	   440.084
   359.000	   440.401
   359.500	   440.717
   360.000	   441.034
   360.500	   441.350
   361.000	   441.666
   361.500	   441.982
   362.000	   442.298
   362.500	   442.613
   363.000	   442.928
   363.500	   443.243
   364.000	   443.558
   364.500	   443.873
   365.000	   444.187
   365.500	   444.501
   366.000	   444.815
   366.500	   445.129
   367.000	   445.442
   367.500	   445.756
   368.000	   446.069
   368.500	   446.382
   369.000	   446.694
   369.500	   447.007
   370.000	   447.319
   370.500	   447.631
   371.000	   447.943
   371.500	   448.255
   372.000	   448.566
   372.500	   448.878
   373.000	   449.189
   373.500	   449.499
   374.000	   449.810
   374.500	   450.121
   375.000	   450.431
   375.500	   450.741
   376.000	   451.051
   376.500	   451.361
   377.000	   451.670
   377.500	   451.979
   378.000	   452.288
   378.500	   452.597
   379.000	   452.906
   379.500	   453.214
   380.000	   453.523
   380.500	   453.831
   381.000	   454.139
   381.500	   454.446
   382.000	   454.754
   382.500	   455.061
   383.000	   455.368
   383.500	   455.675
   384.000	   455.982
   384.500	   456.289
   385.000	   456.595
   385.500	   456.901
   386.000	   457.207
   386.500	   457.513
   387.000	   457.818
   387.500	   458.124
   388.000	   458.429
   388.500	   458.734
   389.000	   459.039
   389.500	   459.344
   390.000	   459.648
   390.500	   459.952
   391.000	   460.256
   391.500	   460.560
   392.000	   460.864
   392.500	   461.167
   393.000	   461.471
   393.500	   461.774
   394.000	   462.077
   394.500	   462.380
   395.000	   462.682
   395.500	   462.984
   396.000	   463.287
   396.500	   463.589
   397.000	   463.891
   397.500	   464.192
   398.000	   464.494
   398.500	   464.795
   399.000	   465.096
   399.500	   465.397
   400.000	   465.698
   400.500	   465.998
   401.000	   466.299
   401.500	   466.599
   402.000	   466.899
   402.500	   467.199
   403.000	   467.498
   403.500	   467.798
   404.000	   468.097
   404.500	   468.396
   405.000	   468.695
   405.500	   468.994
   406.000	   469.292
   406.500	   469.591
   407.000	   469.889
   407.500	   470.187
   408.000	   470.485
   408.500	   470.783
   409.000	   471.080
   409.500	   471.378
   410.000	   471.675
   410.500	   471.972
   411.000	   472.269
   411.500	   472.565
   412.000	   472.862
   412.500	   473.158
   413.000	   473.454
   413.500	   473.750
   414.000	   474.046
   414.500	   474.341
   415.000	   474.637
   415.500	   474.932
   416.000	   475.227
   416.500	   475.522
   417.000	   475.817
   417.500	   476.111
   418.000	   476.406
   418.500	   476.700
   419.000	   476.994
   419.500	   477.288
   420.000	   477.582
   420.500	   477.875
   421.000	   478.169
   421.500	   478.462
   422.000	   478.755
   422.500	   479.048
   423.000	   479.340
   423.500	   479.633
   424.000	   479.925
   424.500	   480.218
   425.000	   480.510
   425.500	   480.802
   426.000	   481.093
   426.500	   481.385
   427.000	   481.676
   427.500	   481.967
   428.000	   482.258
   428.500	   482.549
   429.000	   482.840
   429.500	   483.131
   430.000	   483.421
   430.500	   483.711
   431.000	   484.001
   431.500	   484.291
   432.000	   484.581
   432.500	   484.871
   433.000	   485.160
   433.500	   485.449
   434.000	   485.738
   434.500	   486.027
   435.000	   486.316
   435.500	   486.605
   436.000	   486.893
   436.500	   487.181
   437.000	   487.470
   437.500	   487.757
   438.000	   488.045
   438.500	   488.333
   439.000	   488.620
   439.500	   488.908
   440.000	   489.195
   440.500	   489.482
   441.000	   489.769
   441.500	   490.056
   442.000	   490.342
   442.500	   490.629
   443.000	   490.915
   443.500	   491.201
   444.000	   491.487
   444.500	   491.773
   445.000	   492.058
   445.500	   492.344
   446.000	   492.629
   446.500	   492.914
   447.000	   493.199
   447.500	   493.484
   448.000	   493.769
   448.500	   494.053
   449.000	   494.338
   449.500	   494.622
   450.000	   494.906
   450.500	   495.190
   451.000	   495.474
   451.500	   495.757
   452.000	   496.041
   452.500	   496.324
   453.000	   496.607
   453.500	   496.890
   454.000	   497.173
   454.500	   497.456
   455.000	   497.738
   455.500	   498.021
   456.000	   498.303
   456.500	   498.585
   457.000	   498.867
   457.500	   499.149
   458.000	   499.431
   458.500	   499.712
   459.000	   499.993
   459.500	   500.275
   460.000	   500.556
   460.500	   500.837
   461.000	   501.117
   461.500	   501.398
   462.000	   501.679
   462.500	   501.959
   463.000	   502.239
   463.500	   502.519
   464.000	   502.799
   464.500	   503.079
   465.000	   503.358
   465.500	   503.638
   466.000	   503.917
   466.500	   504.196
   467.000	   504.475
   467.500	   504.754
   468.000	   505.033
   468.500	   505.312
   469.000	   505.590
   469.500	   505.868
   470.000	   506.147
   470.500	   506.425
   471.000	   506.702
   471.500	   506.980
   472.000	   507.258
   472.500	   507.535
   473.000	   507.813
   473.500	   508.090
   474.000	   508.367
   474.500	   508.644
   475.000	   508.920
   475.500	   509.197
   476.000	   509.473
   476.500	   509.750
   477.000	   510.026
   477.500	   510.302
   478.000	   510.578
   478.500	   510.854
   479.000	   511.129
   479.500	   511.405
   480.000	   511.680
   480.500	   511.955
   481.000	   512.230
   481.500	   512.505
   482.000	   512.780
   482.500	   513.055
   483.000	   513.329
   483.500	   513.604
   484.000	   513.878
   484.500	   514.152
   485.000	   514.426
   485.500	   514.700
   486.000	   514.973
   486.500	   515.247
   487.000	   515.520
   487.500	   515.794
   488.000	   516.067
   488.500	   516.340
   489.000	   516.613
   489.500	   516.886
   490.000	   517.158
   490.500	   517.431
   491.000	   517.703
   491.500	   517.975
   492.000	   518.247
   492.500	   518.519
   493.000	   518.791
   493.500	   519.063
   494.000	   519.334
   494.500	   519.606
   495.000	   519.877
   495.500	   520.148
   496.000	   520.419
   496.500	   520.690
   497.000	   520.961
   497.500	   521.231
   498.000	   521.502
   498.500	   521.772
   499.000	   522.042
   499.500	   522.312
